815 329 40 31
815 328 40 31
816 328 40 31
816 328 40 31
818 329 38 29
818 328 40 31
818 328 40 31
820 328 40 31
820 327 40 31
820 327 40 31
822 328 38 29
823 328 38 29
823 327 38 29
823 327 38 29
824 327 38 29
824 327 38 29
824 327 38 29
825 326 38 29
825 326 38 29
825 326 38 29
825 326 38 29
825 326 38 29
825 326 38 29
825 326 38 29
824 326 38 29
824 326 38 29
824 326 38 29
824 326 38 29
823 325 38 29
823 325 38 29
822 325 38 29
822 325 38 29
822 325 38 29
822 325 38 29
821 326 38 29
820 325 38 29
820 325 38 29
820 325 38 29
819 326 38 29
819 326 38 29
818 326 38 29
818 326 38 29
818 326 38 29
817 325 40 31
817 326 38 29
817 326 38 29
817 326 38 29
817 326 38 29
816 326 38 29
816 326 38 29
815 326 38 29
815 326 38 29
815 326 38 29
815 327 38 29
815 327 38 29
815 327 38 29
815 327 38 29
815 327 38 29
815 327 38 29
815 327 38 29
815 327 38 29
815 328 38 29
815 328 38 29
815 328 38 29
815 329 38 29
815 328 38 29
815 328 38 29
815 328 38 29
816 329 38 29
816 329 38 29
816 330 38 29
816 330 38 29
816 330 38 29
816 330 38 29
817 330 38 29
817 331 38 29
817 331 38 29
818 331 38 29
818 331 38 29
819 331 38 29
819 331 38 29
819 331 38 29
820 332 38 29
820 332 38 29
821 332 38 29
822 333 38 29
822 332 38 29
822 332 38 29
823 333 38 29
823 333 38 29
823 333 38 29
823 333 38 29
824 333 38 29
824 333 38 29
824 333 38 29
824 333 38 29
825 332 38 29
825 332 38 29
825 332 38 29
825 332 38 29
825 332 38 29
825 332 38 29
826 332 38 29
826 332 38 29
826 331 38 29
826 331 38 29
826 331 38 29
826 331 38 29
826 331 38 29
826 331 38 29
826 331 38 29
826 330 38 29
826 330 38 29
826 330 38 29
825 330 38 29
825 330 38 29
825 329 38 29
825 329 38 29
825 329 38 29
824 329 38 29
824 329 38 29
824 329 38 29
824 329 38 29
824 329 38 29
824 329 38 29
823 329 38 29
823 329 38 29
822 329 38 29
823 329 38 29
823 329 38 29
822 329 38 29
822 329 38 29
822 329 38 29
822 330 38 29
822 330 38 29
822 330 38 29
822 330 38 29
822 330 38 29
822 331 38 29
822 331 38 29
822 331 38 29
822 331 38 29
822 331 38 29
822 331 38 29
822 331 38 29
822 331 38 29
822 331 38 29
823 331 38 29
823 331 38 29
823 331 38 29
823 331 38 29
823 330 38 29
823 330 38 29
823 330 38 29
824 330 38 29
824 330 38 29
824 330 38 29
824 330 38 29
825 330 38 29
825 329 38 29
825 329 38 29
825 329 38 29
825 328 38 29
825 328 38 29
825 328 38 29
825 327 38 29
825 327 38 29
825 327 38 29
825 327 38 29
825 327 38 29
825 326 38 29
824 326 38 29
824 325 38 29
824 325 38 29
824 325 38 29
823 325 38 29
822 325 38 29
822 324 38 29
822 324 38 29
821 324 38 29
819 323 40 31
818 323 40 31
818 323 40 31
817 323 40 31
817 323 38 29
816 323 38 29
815 323 38 29
814 323 38 29
814 323 38 29
813 323 38 29
812 323 38 29
812 323 38 29
811 323 38 29
810 323 38 29
810 323 38 29
809 323 38 29
808 322 38 29
808 323 36 28
807 323 36 28
807 322 36 28
807 322 36 28
806 321 38 29
805 320 38 29
804 320 38 29
804 319 38 29
805 318 38 29
805 317 38 29
806 316 38 29
806 315 38 29
807 315 38 29
808 313 38 29
809 312 38 29
809 311 38 29
811 311 38 29
811 309 40 31
811 308 40 31
813 308 38 29
814 307 38 29
814 305 40 31
816 305 38 29
818 304 38 29
819 303 38 29
818 301 40 31
820 300 38 29
822 299 38 29
822 298 38 29
823 297 38 29
824 296 38 29
824 295 38 29
824 295 38 29
825 294 38 29
826 293 38 29
826 293 38 29
826 293 38 29
826 292 38 29
825 292 38 29
825 292 38 29
825 292 38 29
825 292 38 29
825 292 38 29
824 292 38 29
824 292 38 29
823 292 38 29
823 292 38 29
823 292 38 29
823 292 38 29
822 292 38 29
822 292 38 29
822 293 38 29
821 292 38 29
821 293 38 29
820 292 38 29
820 292 38 29
819 293 38 29
819 292 38 29
819 292 38 29
819 292 38 29
819 292 38 29
819 292 38 29
819 292 38 29
819 292 38 29
818 292 38 29
818 292 38 29
819 292 38 29
819 292 38 29
819 292 38 29
818 292 38 29
818 291 38 29
818 291 38 29
819 291 38 29
819 291 38 29
819 291 38 29
819 291 38 29
819 291 38 29
819 290 38 29
819 290 38 29
819 290 38 29
819 290 38 29
819 290 38 29
819 290 38 29
819 290 38 29
819 290 38 29
819 290 38 29
819 290 38 29
819 290 38 29
819 291 38 29
819 291 38 29
819 291 38 29
818 291 38 29
818 292 38 29
818 292 38 29
818 292 38 29
818 293 38 29
817 293 38 29
816 293 38 29
816 294 38 29
815 294 38 29
815 295 38 29
815 296 38 29
814 296 38 29
813 297 38 29
813 297 38 29
812 298 38 29
812 298 38 29
811 299 38 29
810 300 38 29
809 301 38 29
809 301 38 29
808 302 38 29
808 303 36 28
807 304 36 28
805 303 38 29
804 304 38 29
804 305 38 29
803 305 38 29
802 306 38 29
801 307 38 29
801 307 38 29
801 308 38 29
800 308 38 29
799 309 38 29
799 310 38 29
799 310 38 29
798 310 38 29
798 311 38 29
798 311 38 29
798 312 38 29
798 312 38 29
798 312 38 29
799 312 38 29
799 313 38 29
799 313 38 29
799 314 38 29
800 314 38 29
800 314 38 29
800 315 38 29
800 314 38 29
801 314 38 29
801 315 38 29
801 315 38 29
802 315 38 29
802 316 38 29
802 315 38 29
803 315 38 29
803 315 38 29
803 316 38 29
804 316 38 29
804 317 38 29
804 317 38 29
804 316 38 29
804 317 38 29
804 317 38 29
804 317 38 29
804 318 38 29
804 317 38 29
804 317 38 29
804 318 38 29
804 318 38 29
804 318 38 29
804 318 38 29
804 318 38 29
804 318 38 29
804 318 38 29
804 319 38 29
804 318 38 29
804 318 38 29
804 319 38 29
804 319 38 29
804 319 38 29
804 319 38 29
804 320 38 29
804 319 38 29
804 319 38 29
804 319 38 29
803 319 38 29
803 320 38 29
803 320 38 29
803 320 38 29
803 321 38 29
803 320 38 29
803 320 38 29
802 321 38 29
803 321 38 29
802 321 38 29
802 321 38 29
802 321 38 29
802 322 38 29
802 322 38 29
802 322 38 29
802 322 38 29
802 322 38 29
802 322 38 29
802 322 38 29
802 323 38 29
802 323 38 29
802 323 38 29
802 323 38 29
802 323 38 29
802 323 38 29
802 324 38 29
802 324 38 29
802 324 38 29
802 324 38 29
802 324 38 29
802 325 38 29
802 324 38 29
802 324 38 29
802 325 38 29
802 325 38 29
802 325 38 29
803 326 38 29
803 326 38 29
803 326 38 29
803 326 38 29
803 327 38 29
803 326 38 29
804 326 38 29
804 327 38 29
804 327 38 29
804 327 38 29
804 327 38 29
805 328 38 29
805 328 38 29
805 328 38 29
806 329 38 29
806 329 38 29
807 329 38 29
807 329 38 29
807 330 38 29
807 330 38 29
808 330 38 29
808 330 38 29
808 330 38 29
808 330 38 29
808 330 38 29
808 330 38 29
808 331 38 29
808 331 38 29
808 331 38 29
808 331 38 29
808 331 38 29
808 331 38 29
808 331 38 29
808 331 38 29
808 331 38 29
808 331 38 29
808 331 38 29
808 331 38 29
808 331 38 29
808 331 38 29
808 331 38 29
807 331 38 29
807 331 38 29
807 331 38 29
807 330 38 29
807 330 38 29
806 331 38 29
806 330 38 29
805 330 38 29
805 330 38 29
805 330 38 29
805 330 38 29
805 330 38 29
804 330 38 29
804 330 38 29
804 330 38 29
804 330 38 29
804 329 38 29
804 329 38 29
803 330 38 29
803 330 38 29
803 329 38 29
803 329 38 29
803 330 38 29
802 329 38 29
803 329 38 29
803 329 38 29
802 329 38 29
802 329 38 29
802 329 38 29
802 329 38 29
802 329 38 29
802 329 38 29
802 329 38 29
802 329 38 29
802 330 38 29
802 329 38 29
802 329 38 29
802 329 38 29
802 330 38 29
802 330 38 29
802 329 38 29
802 329 38 29
802 329 38 29
802 329 38 29
802 330 38 29
802 330 38 29
803 330 38 29
803 330 38 29
803 330 38 29
803 330 38 29
803 330 38 29
803 330 38 29
803 330 38 29
803 330 38 29
803 330 38 29
803 330 38 29
803 331 38 29
803 330 38 29
804 331 38 29
804 330 38 29
804 330 38 29
804 330 38 29
804 330 38 29
804 330 38 29
804 330 38 29
804 330 38 29
804 330 38 29
804 330 38 29
804 330 38 29
804 330 38 29
804 330 38 29
804 330 38 29
805 330 38 29
805 330 38 29
805 329 38 29
805 329 38 29
805 329 38 29
805 330 38 29
805 329 38 29
805 329 38 29
805 330 38 29
806 329 38 29
806 329 38 29
806 329 38 29
806 329 38 29
806 329 38 29
806 329 38 29
806 329 38 29
806 329 38 29
806 328 38 29
806 328 38 29
806 328 38 29
806 328 38 29
806 328 38 29
805 328 38 29
805 328 38 29
805 327 38 29
805 327 38 29
805 327 38 29
805 327 38 29
805 327 38 29
805 327 38 29
804 327 38 29
804 326 38 29
804 326 38 29
804 326 38 29
804 326 38 29
803 326 38 29
803 325 38 29
803 325 38 29
802 325 38 29
802 325 38 29
802 325 38 29
802 325 38 29
802 325 38 29
802 325 38 29
802 325 38 29
802 325 38 29
802 325 38 29
801 325 38 29
801 325 38 29
801 325 38 29
801 325 38 29
800 325 38 29
800 326 38 29
800 326 38 29
800 326 38 29
800 326 38 29
800 326 38 29
800 327 38 29
800 327 38 29
799 327 38 29
799 327 38 29
799 328 38 29
799 328 38 29
798 328 38 29
799 328 38 29
799 328 38 29
799 329 38 29
799 329 38 29
799 329 38 29
799 330 38 29
799 330 38 29
799 330 38 29
799 330 38 29
799 330 38 29
798 331 38 29
799 330 38 29
799 331 38 29
799 330 38 29
799 330 38 29
799 331 38 29
799 330 38 29
799 330 38 29
799 330 38 29
799 330 38 29
799 330 38 29
799 330 38 29
799 330 38 29
799 330 38 29
799 329 38 29
799 329 38 29
799 329 38 29
799 328 38 29
800 328 38 29
800 327 38 29
800 327 38 29
800 327 38 29
800 327 38 29
800 326 38 29
800 326 38 29
800 326 38 29
800 326 38 29
800 325 38 29
800 325 38 29
800 324 38 29
801 324 38 29
801 324 38 29
801 324 38 29
801 324 38 29
800 323 38 29
800 323 38 29
801 323 38 29
801 323 38 29
801 322 38 29
801 322 38 29
801 322 38 29
801 321 38 29
801 321 38 29
801 321 38 29
801 321 38 29
801 320 38 29
801 320 38 29
801 320 38 29
801 320 38 29
802 320 38 29
802 320 38 29
802 319 38 29
802 319 38 29
802 318 38 29
802 318 38 29
802 319 38 29
803 318 38 29
803 318 38 29
803 318 38 29
803 318 38 29
803 317 38 29
803 317 38 29
803 317 38 29
803 317 38 29
804 317 38 29
804 316 38 29
804 316 38 29
804 316 38 29
804 316 38 29
804 315 38 29
805 315 38 29
805 315 38 29
805 315 38 29
805 315 38 29
806 314 38 29
806 314 38 29
807 314 38 29
807 314 38 29
807 314 38 29
807 314 38 29
808 313 38 29
808 313 38 29
808 313 38 29
809 313 38 29
809 313 38 29
810 313 38 29
810 313 38 29
810 313 38 29
810 313 38 29
811 312 38 29
811 312 38 29
812 312 38 29
812 312 38 29
812 313 38 29
812 313 38 29
812 313 38 29
812 313 38 29
812 313 38 29
812 313 38 29
813 313 38 29
813 313 38 29
813 314 38 29
813 313 38 29
813 313 38 29
813 313 38 29
813 314 38 29
813 314 38 29
813 314 38 29
813 314 38 29
813 315 38 29
813 315 38 29
813 315 38 29
813 315 38 29
813 315 38 29
813 315 38 29
813 316 38 29
813 316 38 29
813 316 38 29
813 317 38 29
813 316 38 29
813 316 38 29
813 316 38 29
813 317 38 29
813 317 38 29
814 317 38 29
814 318 38 29
814 317 38 29
814 317 38 29
814 317 38 29
814 317 38 29
814 317 38 29
814 317 38 29
814 317 38 29
814 317 38 29
814 317 38 29
814 317 38 29
814 317 38 29
814 318 38 29
814 317 38 29
814 317 38 29
814 317 38 29
814 317 38 29
814 317 38 29
814 317 38 29
814 316 38 29
814 316 38 29
814 316 38 29
814 316 38 29
814 316 38 29
814 316 38 29
813 316 38 29
813 316 38 29
813 316 38 29
813 315 38 29
813 315 38 29
813 315 38 29
812 315 38 29
812 315 38 29
812 315 38 29
812 315 38 29
811 315 38 29
811 315 38 29
811 315 38 29
810 315 38 29
810 314 38 29
810 314 38 29
809 314 38 29
809 315 38 29
809 315 38 29
809 314 38 29
808 314 38 29
808 314 38 29
808 315 38 29
808 314 38 29
808 314 38 29
808 314 38 29
808 314 38 29
808 314 38 29
808 314 38 29
807 315 38 29
807 314 38 29
807 315 38 29
807 314 38 29
807 315 38 29
807 314 38 29
807 314 38 29
807 314 38 29
807 314 38 29
807 314 38 29
807 314 38 29
807 314 38 29
807 314 38 29
807 314 38 29
807 314 38 29
807 314 38 29
808 314 38 29
808 314 38 29
808 314 38 29
808 314 38 29
809 314 38 29
809 314 38 29
809 313 38 29
809 313 38 29
809 313 38 29
809 313 38 29
809 313 38 29
809 313 38 29
810 313 38 29
810 313 38 29
811 313 38 29
811 313 38 29
811 313 38 29
811 313 38 29
811 313 38 29
812 313 38 29
812 313 38 29
812 313 38 29
812 313 38 29
812 313 38 29
812 313 38 29
812 313 38 29
813 313 38 29
813 313 38 29
813 313 38 29
813 313 38 29
813 314 38 29
813 314 38 29
813 314 38 29
813 314 38 29
813 314 38 29
813 314 38 29
814 315 38 29
814 315 38 29
814 315 38 29
814 315 38 29
814 316 38 29
814 316 38 29
814 316 38 29
814 317 38 29
815 316 38 29
815 317 38 29
815 317 38 29
815 317 38 29
815 317 38 29
815 318 38 29
816 318 38 29
816 319 38 29
816 319 38 29
816 319 38 29
816 319 38 29
817 320 38 29
817 320 38 29
817 321 38 29
817 320 38 29
817 320 38 29
817 320 38 29
817 321 38 29
817 321 38 29
817 322 38 29
817 322 38 29
817 322 38 29
817 322 38 29
817 322 38 29
817 322 38 29
817 322 38 29
817 322 38 29
816 322 38 29
816 322 38 29
816 322 38 29
816 322 38 29
816 321 38 29
816 321 38 29
815 321 38 29
815 321 38 29
815 321 38 29
814 321 38 29
814 321 38 29
814 321 38 29
814 320 38 29
814 320 38 29
813 320 38 29
813 320 38 29
813 320 38 29
812 319 38 29
812 319 38 29
812 319 38 29
812 319 38 29
812 319 38 29
811 319 38 29
810 319 38 29
810 318 38 29
810 318 38 29
809 318 38 29
809 318 38 29
809 318 38 29
808 318 38 29
808 318 38 29
807 318 38 29
807 318 38 29
807 318 38 29
807 317 38 29
806 317 38 29
805 317 38 29
805 317 38 29
805 317 38 29
805 317 38 29
805 316 38 29
804 316 38 29
804 315 38 29
803 315 38 29
803 315 38 29
803 314 38 29
803 314 38 29
802 314 38 29
802 314 38 29
801 313 38 29
801 312 38 29
800 312 38 29
800 312 38 29
800 312 38 29
799 311 38 29
799 311 38 29
799 311 38 29
799 310 38 29
799 310 38 29
798 310 38 29
798 310 38 29
797 309 38 29
797 309 38 29
797 309 38 29
797 308 38 29
796 308 38 29
796 308 38 29
796 308 38 29
796 308 38 29
795 307 38 29
795 307 38 29
795 307 38 29
795 307 38 29
794 306 38 29
794 306 38 29
794 307 38 29
794 306 38 29
793 306 38 29
793 306 38 29
793 306 38 29
793 306 38 29
793 306 38 29
793 306 38 29
793 306 38 29
793 306 38 29
793 306 38 29
793 306 38 29
793 306 38 29
793 306 38 29
793 306 38 29
793 306 38 29
793 306 38 29
793 306 38 29
793 306 38 29
793 306 38 29
794 306 38 29
794 306 38 29
794 306 38 29
794 306 38 29
794 306 38 29
794 306 38 29
795 306 38 29
795 306 38 29
795 306 38 29
795 306 38 29
795 306 38 29
795 306 38 29
796 306 38 29
796 306 38 29
796 307 38 29
796 307 38 29
796 306 38 29
797 306 38 29
797 307 38 29
797 307 38 29
797 307 38 29
797 307 38 29
797 307 38 29
797 306 38 29
797 306 38 29
797 307 38 29
797 307 38 29
797 306 38 29
797 306 38 29
797 306 38 29
797 306 38 29
797 305 38 29
797 305 38 29
797 305 38 29
796 305 38 29
796 304 38 29
796 304 38 29
795 304 38 29
795 303 38 29
795 303 38 29
794 302 38 29
794 302 38 29
794 302 38 29
794 301 38 29
794 300 38 29
793 300 38 29
792 299 38 29
792 298 38 29
791 297 38 29
791 297 38 29
791 297 38 29
790 295 38 29
790 294 38 29
789 294 38 29
789 294 38 29
789 293 38 29
789 293 38 29
789 292 38 29
789 291 38 29
789 291 38 29
789 290 38 29
789 290 38 29
789 289 38 29
790 289 38 29
791 288 38 29
792 287 38 29
793 287 38 29
793 287 38 29
794 286 38 29
796 286 38 29
797 286 38 29
798 285 38 29
800 284 38 29
802 284 38 29
804 283 38 29
805 283 38 29
806 282 38 29
809 282 38 29
811 281 38 29
811 280 40 31
812 279 40 31
815 280 38 29
817 279 38 29
819 278 38 29
820 278 38 29
822 277 38 29
823 276 38 29
824 276 38 29
825 276 38 29
827 275 38 29
828 274 38 29
829 274 38 29
829 272 40 31
831 272 38 29
833 271 38 29
833 271 38 29
833 269 38 29
834 269 38 29
834 268 38 29
834 267 38 29
834 266 38 29
834 265 38 29
833 265 38 29
833 263 38 29
833 263 38 29
833 262 38 29
831 262 38 29
830 261 38 29
829 261 38 29
828 260 38 29
826 260 38 29
825 260 38 29
824 259 38 29
823 259 38 29
821 258 38 29
820 258 38 29
817 258 38 29
816 257 38 29
815 257 38 29
813 256 38 29
812 255 38 29
811 255 38 29
810 255 38 29
808 254 38 29
807 253 38 29
806 253 38 29
805 252 38 29
803 252 38 29
803 252 38 29
802 251 38 29
800 250 38 29
799 250 38 29
798 249 38 29
797 249 38 29
797 248 38 29
795 247 38 29
795 246 38 29
794 245 38 29
794 245 38 29
794 244 38 29
793 243 38 29
793 242 38 29
793 242 38 29
792 241 38 29
793 241 38 29
793 241 38 29
793 240 38 29
794 240 38 29
794 239 38 29
795 239 38 29
795 239 38 29
796 239 38 29
796 239 38 29
796 239 38 29
796 240 38 29
797 240 38 29
797 241 38 29
798 241 38 29
798 242 38 29
798 242 38 29
799 243 38 29
799 244 38 29
799 245 38 29
799 246 38 29
799 248 38 29
799 250 38 29
799 250 38 29
799 252 38 29
798 254 38 29
798 256 38 29
798 257 38 29
797 260 38 29
796 260 38 29
796 263 38 29
795 264 38 29
794 265 38 29
793 267 38 29
793 268 38 29
791 269 38 29
789 270 38 29
788 272 38 29
786 273 38 29
784 274 38 29
782 275 38 29
781 276 38 29
779 277 38 29
778 277 38 29
776 278 38 29
774 278 38 29
773 279 38 29
772 279 38 29
770 279 38 29
769 280 38 29
767 280 38 29
767 280 38 29
765 280 38 29
764 280 38 29
761 279 38 29
761 279 38 29
759 279 38 29
758 278 38 29
756 278 38 29
755 278 38 29
754 277 38 29
754 277 38 29
752 277 38 29
750 276 38 29
749 276 38 29
748 275 38 29
747 275 38 29
747 274 38 29
746 274 38 29
745 273 38 29
744 272 38 29
744 272 38 29
744 272 38 29
743 271 38 29
743 271 38 29
742 270 38 29
742 270 38 29
742 270 38 29
742 270 38 29
741 270 38 29
741 270 38 29
741 269 38 29
740 269 38 29
740 269 38 29
740 269 38 29
740 269 38 29
740 269 38 29
740 269 38 29
740 269 38 29
740 269 38 29
740 269 38 29
740 270 38 29
740 269 38 29
740 269 38 29
740 270 38 29
740 269 38 29
740 269 38 29
740 269 38 29
740 269 38 29
740 270 38 29
740 270 38 29
740 271 38 29
740 271 38 29
740 271 38 29
740 271 38 29
740 271 38 29
740 271 38 29
740 272 38 29
740 271 38 29
739 271 38 29
739 271 38 29
738 271 38 29
738 271 38 29
738 270 38 29
738 270 38 29
738 270 38 29
738 269 38 29
738 269 38 29
737 269 38 29
737 268 38 29
737 268 38 29
737 267 38 29
737 267 38 29
736 267 38 29
736 266 38 29
736 266 38 29
735 265 38 29
735 264 38 29
735 263 38 29
735 263 38 29
735 263 38 29
735 262 38 29
735 262 38 29
735 261 38 29
735 260 38 29
735 259 38 29
735 259 38 29
735 259 38 29
735 258 38 29
735 258 38 29
735 258 38 29
736 257 38 29
736 257 38 29
736 257 38 29
736 256 38 29
736 256 38 29
736 256 38 29
736 257 38 29
737 256 38 29
737 256 38 29
737 257 38 29
737 256 38 29
737 256 38 29
738 256 38 29
739 256 38 29
739 256 38 29
740 256 38 29
741 256 38 29
742 256 38 29
744 256 36 28
744 256 36 28
744 255 38 29
745 255 38 29
747 255 38 29
748 256 38 29
749 256 38 29
750 256 38 29
750 256 38 29
751 256 38 29
752 257 38 29
753 257 38 29
754 257 38 29
755 257 38 29
755 258 38 29
756 258 38 29
756 258 38 29
757 259 38 29
758 259 38 29
759 259 38 29
759 260 38 29
760 260 38 29
760 260 38 29
761 261 38 29
762 261 38 29
762 261 38 29
762 261 38 29
762 262 38 29
762 262 38 29
762 263 38 29
763 263 38 29
763 263 38 29
763 264 38 29
763 264 38 29
763 264 38 29
763 264 38 29
763 265 38 29
763 265 38 29
763 266 38 29
763 266 38 29
763 266 38 29
763 266 38 29
763 266 38 29
763 266 38 29
763 267 38 29
763 267 38 29
763 267 38 29
763 267 38 29
763 267 38 29
763 268 38 29
763 268 38 29
763 268 38 29
764 268 38 29
764 269 38 29
764 269 38 29
764 269 38 29
764 269 38 29
765 269 38 29
765 269 38 29
766 269 38 29
766 269 38 29
766 269 38 29
766 269 38 29
767 269 38 29
767 270 38 29
768 269 38 29
768 269 38 29
768 270 38 29
769 270 38 29
770 270 38 29
770 270 38 29
770 270 38 29
771 270 38 29
772 270 38 29
773 270 38 29
773 271 38 29
774 271 38 29
774 271 38 29
775 271 38 29
776 271 38 29
777 272 38 29
777 272 38 29
777 272 38 29
779 272 38 29
780 273 38 29
781 273 38 29
782 273 38 29
783 273 38 29
783 273 38 29
784 273 38 29
785 274 38 29
786 274 38 29
787 275 38 29
787 274 38 29
788 275 38 29
789 275 38 29
790 276 38 29
791 276 38 29
792 276 38 29
792 277 38 29
793 277 38 29
794 277 38 29
794 278 38 29
794 278 38 29
795 279 38 29
796 279 38 29
796 280 38 29
797 281 38 29
798 281 38 29
798 281 38 29
798 282 38 29
799 283 38 29
800 284 38 29
801 284 38 29
801 285 38 29
801 286 38 29
802 286 38 29
803 286 38 29
803 287 38 29
803 287 38 29
803 287 38 29
803 288 38 29
804 289 38 29
804 289 38 29
804 289 38 29
804 289 38 29
804 290 38 29
804 291 38 29
805 291 38 29
805 291 38 29
805 291 38 29
805 292 38 29
805 292 38 29
805 292 38 29
805 292 38 29
805 292 38 29
805 293 38 29
805 293 38 29
805 293 38 29
805 293 38 29
805 293 38 29
806 293 38 29
806 294 38 29
806 294 38 29
806 294 38 29
806 294 38 29
806 294 38 29
806 294 38 29
806 294 38 29
806 295 38 29
806 294 38 29
806 294 38 29
807 295 38 29
807 295 38 29
807 295 38 29
807 295 38 29
807 295 38 29
807 295 38 29
808 295 38 29
808 296 38 29
808 296 38 29
808 296 38 29
808 296 38 29
808 296 38 29
808 296 38 29
808 296 38 29
808 296 38 29
808 296 38 29
808 297 38 29
808 297 38 29
808 297 38 29
808 298 38 29
808 298 38 29
808 299 38 29
808 298 38 29
808 298 38 29
808 299 38 29
808 299 38 29
808 299 38 29
807 299 38 29
807 299 38 29
807 299 38 29
807 299 38 29
806 300 38 29
807 299 38 29
806 299 38 29
806 300 38 29
806 300 38 29
806 299 38 29
806 299 38 29
806 299 38 29
806 300 38 29
806 300 38 29
806 300 38 29
806 299 38 29
806 299 38 29
806 299 38 29
806 299 38 29
806 300 38 29
806 300 38 29
806 299 38 29
806 299 38 29
805 300 38 29
805 299 38 29
805 299 38 29
805 299 38 29
805 299 38 29
805 299 38 29
805 299 38 29
804 299 38 29
804 298 38 29
804 298 38 29
804 298 38 29
804 298 38 29
803 298 38 29
802 297 38 29
802 297 38 29
802 296 38 29
801 296 38 29
801 296 38 29
800 296 38 29
799 295 38 29
798 295 38 29
798 295 38 29
797 295 38 29
796 294 38 29
796 295 36 28
795 294 36 28
793 293 38 29
792 293 38 29
791 293 38 29
790 292 38 29
789 292 38 29
787 292 38 29
786 292 38 29
785 291 38 29
784 291 38 29
784 291 38 29
783 291 38 29
782 290 38 29
781 290 38 29
780 290 38 29
779 290 38 29
779 289 38 29
778 288 38 29
776 288 40 31
776 288 38 29
775 288 38 29
775 288 38 29
774 288 38 29
774 288 36 28
774 287 36 28
772 287 38 29
770 286 38 29
770 286 38 29
769 286 38 29
770 286 36 28
768 285 38 29
767 285 38 29
767 285 38 29
766 284 38 29
767 284 36 28
765 283 38 29
766 283 36 28
765 283 36 28
765 283 36 28
764 283 36 28
763 282 38 29
762 282 38 29
762 281 38 29
762 281 38 29
762 281 38 29
761 281 38 29
761 281 38 29
760 280 38 29
760 280 38 29
760 280 38 29
760 280 38 29
760 280 38 29
760 279 38 29
760 279 38 29
760 279 38 29
760 279 38 29
760 279 38 29
760 279 38 29
760 279 38 29
760 278 38 29
760 278 38 29
760 278 38 29
760 278 38 29
760 278 38 29
759 278 38 29
760 278 38 29
760 277 38 29
760 277 38 29
760 277 38 29
760 277 38 29
760 277 38 29
760 276 38 29
761 276 38 29
762 276 38 29
762 276 38 29
762 275 38 29
762 275 38 29
762 275 38 29
762 274 38 29
763 274 38 29
764 274 38 29
764 273 38 29
764 273 38 29
764 273 38 29
765 273 38 29
765 272 38 29
765 272 38 29
766 272 38 29
766 273 38 29
766 272 38 29
766 272 38 29
767 273 38 29
767 272 38 29
768 272 38 29
768 272 38 29
769 272 38 29
769 272 38 29
770 271 38 29
770 272 38 29
770 272 38 29
770 271 38 29
771 271 38 29
772 271 38 29
772 271 38 29
772 271 38 29
772 271 38 29
772 271 38 29
772 272 38 29
772 272 38 29
773 271 38 29
773 271 38 29
774 271 38 29
774 271 38 29
774 271 38 29
774 271 38 29
774 271 38 29
774 271 38 29
774 271 38 29
775 271 38 29
775 271 38 29
775 271 38 29
775 271 38 29
775 271 38 29
776 271 38 29
776 271 38 29
776 271 38 29
776 271 38 29
776 271 38 29
776 271 38 29
776 270 38 29
776 270 38 29
776 270 38 29
776 270 38 29
776 271 38 29
776 271 38 29
777 271 38 29
777 271 38 29
777 271 38 29
777 271 38 29
776 271 38 29
776 271 38 29
776 271 38 29
776 271 38 29
776 271 38 29
776 271 38 29
777 271 38 29
777 271 38 29
777 271 38 29
777 271 38 29
777 271 38 29
777 271 38 29
776 271 38 29
776 271 38 29
776 271 38 29
777 271 38 29
776 272 38 29
777 272 38 29
777 273 38 29
777 272 38 29
777 272 38 29
777 272 38 29
777 273 38 29
777 273 38 29
777 273 38 29
777 273 38 29
776 273 38 29
777 274 38 29
777 274 38 29
777 274 38 29
777 275 38 29
777 275 38 29
777 275 38 29
777 275 38 29
777 276 38 29
777 276 38 29
777 277 38 29
777 277 38 29
777 277 38 29
777 277 38 29
777 277 38 29
777 277 38 29
777 278 38 29
777 278 38 29
777 278 38 29
777 278 38 29
777 278 38 29
777 279 38 29
777 279 38 29
777 279 38 29
777 279 38 29
777 279 38 29
777 279 38 29
777 279 38 29
777 279 38 29
778 279 38 29
778 279 38 29
778 278 38 29
778 278 38 29
777 278 38 29
777 279 38 29
777 278 38 29
777 278 38 29
777 278 38 29
778 278 38 29
778 277 38 29
778 277 38 29
778 277 38 29
779 277 38 29
779 277 38 29
779 277 38 29
779 276 38 29
779 276 38 29
780 275 38 29
780 275 38 29
780 275 38 29
781 274 38 29
781 274 38 29
781 274 38 29
782 274 38 29
782 274 38 29
782 273 38 29
783 273 38 29
784 273 38 29
784 273 38 29
784 273 38 29
784 272 38 29
786 272 36 28
786 272 36 28
786 272 36 28
786 271 38 29
786 271 38 29
787 271 38 29
788 270 38 29
788 270 38 29
789 270 38 29
789 270 38 29
789 270 38 29
790 270 38 29
791 269 38 29
791 269 38 29
791 269 38 29
792 269 38 29
792 269 38 29
792 269 38 29
792 269 38 29
793 268 38 29
794 268 38 29
794 268 38 29
794 268 38 29
794 268 38 29
794 268 38 29
795 268 38 29
795 268 38 29
796 268 38 29
796 268 38 29
796 267 38 29
796 267 38 29
797 267 38 29
798 267 38 29
798 267 38 29
798 267 38 29
799 266 38 29
799 266 38 29
801 266 38 29
801 266 38 29
802 265 38 29
802 265 38 29
803 265 38 29
804 265 38 29
804 265 38 29
804 264 38 29
805 264 38 29
806 265 38 29
806 264 38 29
806 264 38 29
807 264 38 29
807 264 38 29
808 263 38 29
808 263 38 29
808 263 38 29
809 263 38 29
809 263 38 29
809 262 38 29
809 262 38 29
810 263 38 29
810 262 38 29
810 262 38 29
811 262 38 29
811 262 38 29
811 261 38 29
812 261 38 29
812 261 38 29
812 261 38 29
812 260 38 29
812 260 38 29
812 260 38 29
812 260 38 29
812 260 38 29
812 259 38 29
812 259 38 29
813 259 38 29
813 259 38 29
813 259 38 29
814 259 38 29
814 258 38 29
814 258 38 29
813 257 40 31
815 258 38 29
814 257 40 31
815 257 38 29
816 257 38 29
816 257 38 29
817 257 38 29
817 257 38 29
818 257 38 29
819 257 38 29
820 257 38 29
820 257 38 29
821 257 38 29
821 256 38 29
822 256 38 29
823 257 38 29
823 256 38 29
824 257 38 29
824 255 40 31
824 255 40 31
827 256 38 29
826 255 40 31
828 256 38 29
829 256 38 29
830 256 38 29
831 255 38 29
832 255 38 29
833 255 38 29
833 255 38 29
833 256 38 29
834 256 38 29
834 256 38 29
835 256 38 29
835 256 38 29
835 256 38 29
836 256 38 29
836 256 38 29
836 256 38 29
836 256 38 29
837 256 38 29
838 255 38 29
838 255 38 29
838 255 38 29
838 255 38 29
838 254 38 29
838 254 38 29
838 254 38 29
838 254 38 29
838 253 38 29
838 253 38 29
838 252 38 29
838 252 38 29
838 252 38 29
838 252 38 29
837 251 38 29
837 251 38 29
836 251 38 29
836 251 38 29
836 251 38 29
836 250 38 29
835 250 38 29
835 250 38 29
835 250 38 29
834 250 38 29
834 250 38 29
834 250 38 29
834 250 38 29
834 250 38 29
834 250 38 29
834 250 38 29
833 251 38 29
833 251 38 29
833 251 38 29
834 252 38 29
834 252 38 29
834 252 38 29
834 252 38 29
834 252 38 29
834 253 38 29
834 253 38 29
834 254 38 29
834 254 38 29
834 254 38 29
834 255 38 29
834 255 38 29
834 255 38 29
834 255 38 29
835 255 38 29
835 256 38 29
835 256 38 29
835 255 38 29
835 255 38 29
836 255 38 29
836 255 38 29
836 256 38 29
836 256 38 29
836 255 38 29
836 255 38 29
837 255 38 29
837 255 38 29
837 255 38 29
837 255 38 29
837 255 38 29
837 255 38 29
837 254 38 29
837 254 38 29
837 255 38 29
838 254 38 29
838 254 38 29
838 254 38 29
838 254 38 29
838 254 38 29
838 254 38 29
838 254 38 29
837 254 38 29
837 254 38 29
837 254 38 29
837 254 38 29
837 253 38 29
837 253 38 29
837 254 38 29
837 254 38 29
837 253 38 29
837 253 38 29
837 253 38 29
836 254 38 29
837 254 38 29
837 254 38 29
836 254 38 29
836 254 38 29
836 254 38 29
836 254 38 29
835 254 38 29
835 254 38 29
835 254 38 29
835 255 38 29
834 254 38 29
834 254 38 29
834 254 38 29
834 255 38 29
834 255 38 29
834 255 38 29
834 255 38 29
834 255 38 29
834 255 38 29
834 256 38 29
833 255 38 29
833 255 38 29
833 255 38 29
833 255 38 29
833 256 38 29
833 255 38 29
833 256 38 29
833 255 38 29
832 255 38 29
833 255 38 29
833 255 38 29
833 255 38 29
833 255 38 29
833 255 38 29
832 255 38 29
833 254 38 29
833 254 38 29
833 254 38 29
833 254 38 29
833 254 38 29
833 254 38 29
833 254 38 29
833 254 38 29
833 254 38 29
834 254 38 29
834 253 38 29
834 253 38 29
834 253 38 29
834 253 38 29
835 253 38 29
835 253 38 29
835 253 38 29
836 253 38 29
836 253 38 29
836 253 38 29
836 253 38 29
837 253 38 29
837 253 38 29
838 253 38 29
839 253 38 29
839 253 38 29
840 253 38 29
840 253 38 29
840 253 38 29
841 254 38 29
841 254 38 29
841 253 38 29
842 253 38 29
842 254 38 29
842 254 38 29
843 254 38 29
844 254 38 29
844 253 38 29
844 253 38 29
845 253 38 29
845 253 38 29
845 253 38 29
846 253 38 29
847 253 38 29
847 254 38 29
847 254 38 29
847 254 38 29
847 254 38 29
848 254 38 29
848 254 38 29
848 254 38 29
848 254 38 29
848 254 38 29
848 254 38 29
848 254 38 29
848 254 38 29
848 253 38 29
848 253 38 29
848 253 38 29
847 253 38 29
847 253 38 29
847 253 38 29
847 253 38 29
846 253 38 29
846 253 38 29
846 252 38 29
845 252 38 29
845 253 38 29
845 252 38 29
844 252 38 29
843 252 38 29
843 252 38 29
843 252 38 29
842 252 38 29
842 252 38 29
841 252 38 29
841 252 38 29
841 252 38 29
841 252 38 29
840 252 38 29
839 252 38 29
839 252 38 29
838 252 38 29
837 252 38 29
837 252 38 29
836 253 38 29
835 252 38 29
835 252 38 29
835 252 38 29
835 252 38 29
834 253 38 29
834 253 38 29
833 253 38 29
833 253 38 29
832 253 38 29
832 253 38 29
832 254 38 29
832 254 38 29
831 254 38 29
831 255 38 29
831 254 38 29
830 254 38 29
829 254 38 29
829 254 38 29
828 255 38 29
828 255 38 29
828 255 38 29
828 255 38 29
827 256 38 29
827 256 38 29
826 256 38 29
826 256 38 29
826 256 38 29
826 256 38 29
826 256 38 29
826 257 38 29
826 257 38 29
826 257 38 29
825 257 38 29
825 257 38 29
825 257 38 29
825 258 38 29
825 258 38 29
825 258 38 29
825 258 38 29
824 258 38 29
824 258 38 29
824 258 38 29
824 258 38 29
824 258 38 29
823 258 38 29
823 258 38 29
823 259 38 29
823 258 38 29
823 258 38 29
823 258 38 29
823 258 38 29
823 258 38 29
823 258 38 29
823 258 38 29
823 257 38 29
823 257 38 29
823 257 38 29
823 257 38 29
823 257 38 29
823 256 38 29
823 256 38 29
822 256 38 29
822 256 38 29
822 256 38 29
822 256 38 29
822 255 38 29
822 255 38 29
822 255 38 29
822 255 38 29
822 254 38 29
822 254 38 29
822 254 38 29
822 254 38 29
822 253 38 29
822 253 38 29
822 253 38 29
822 253 38 29
822 252 38 29
822 252 38 29
822 252 38 29
822 252 38 29
822 252 38 29
822 252 38 29
823 252 38 29
823 252 38 29
823 252 38 29
823 252 38 29
823 252 38 29
823 252 38 29
824 252 38 29
824 253 38 29
824 252 38 29
825 252 38 29
825 252 38 29
825 252 38 29
825 253 38 29
826 253 38 29
826 253 38 29
826 253 38 29
827 253 38 29
827 253 38 29
827 253 38 29
827 253 38 29
828 254 38 29
828 253 38 29
828 253 38 29
828 253 38 29
828 253 38 29
828 253 38 29
828 253 38 29
828 252 38 29
827 251 38 29
826 251 38 29
825 250 38 29
825 250 38 29
824 249 38 29
824 250 36 28
823 249 36 28
821 248 36 28
821 248 36 28
818 247 38 29
816 246 38 29
815 246 38 29
813 246 38 29
811 245 38 29
810 244 38 29
807 244 38 29
805 243 38 29
803 242 38 29
802 241 38 29
799 241 38 29
797 240 38 29
795 239 38 29
793 238 38 29
792 237 38 29
789 237 38 29
788 236 38 29
787 235 38 29
784 234 38 29
784 233 38 29
783 233 38 29
781 231 38 29
781 231 38 29
780 230 38 29
779 229 38 29
778 228 38 29
778 227 38 29
777 227 38 29
777 226 38 29
776 225 38 29
776 224 38 29
777 223 38 29
777 222 38 29
777 221 38 29
778 220 38 29
779 219 38 29
779 218 40 31
780 217 40 31
780 216 40 31
783 215 40 31
783 215 40 31
784 213 40 31
786 213 38 29
788 213 38 29
790 213 38 29
791 212 38 29
792 212 38 29
793 211 38 29
794 211 38 29
795 211 38 29
796 211 38 29
797 212 38 29
798 211 38 29
800 211 38 29
801 212 38 29
802 212 38 29
803 212 38 29
803 212 38 29
805 211 38 29
806 211 38 29
807 211 38 29
807 212 38 29
808 212 38 29
807 211 40 31
810 211 38 29
810 210 40 31
810 211 40 31
812 212 38 29
813 212 38 29
813 212 38 29
814 212 38 29
814 212 40 31
815 212 40 31
817 213 38 29
819 214 38 29
819 214 38 29
820 215 38 29
821 216 38 29
822 216 38 29
824 217 38 29
823 217 40 31
824 217 40 31
824 218 42 32
826 219 42 32
827 219 42 32
828 220 42 32
830 222 40 31
831 223 40 31
833 225 38 29
834 226 38 29
835 226 38 29
836 227 38 29
835 227 40 31
835 229 42 32
836 229 42 32
837 230 40 31
837 231 40 31
837 231 40 31
838 232 40 31
837 232 40 31
837 233 40 31
837 233 40 31
836 234 40 31
836 234 40 31
836 235 40 31
836 235 40 31
836 236 40 31
836 237 38 29
836 237 38 29
836 238 38 29
835 238 38 29
835 239 38 29
835 239 38 29
834 240 38 29
834 240 38 29
834 240 38 29
834 240 38 29
833 240 38 29
833 241 38 29
833 242 38 29
833 242 38 29
832 242 38 29
832 243 38 29
831 243 38 29
831 244 38 29
831 244 38 29
830 244 38 29
830 244 38 29
829 245 38 29
829 245 38 29
828 246 38 29
828 246 38 29
828 247 38 29
828 247 38 29
827 247 38 29
826 248 38 29
826 248 38 29
825 249 38 29
825 250 38 29
824 250 38 29
824 251 38 29
824 251 38 29
824 251 38 29
823 252 38 29
823 253 38 29
822 253 38 29
822 254 38 29
821 255 38 29
821 255 38 29
821 256 38 29
820 256 38 29
820 256 38 29
820 257 38 29
819 258 38 29
818 259 38 29
818 259 38 29
817 260 38 29
817 260 38 29
816 261 38 29
815 261 38 29
815 262 38 29
814 262 38 29
813 262 38 29
813 263 38 29
812 263 38 29
812 264 38 29
811 264 38 29
811 265 38 29
810 265 38 29
810 266 38 29
809 266 38 29
809 267 38 29
809 267 38 29
809 268 38 29
808 268 38 29
807 268 38 29
807 269 38 29
807 269 38 29
806 270 38 29
806 270 38 29
806 271 38 29
806 271 38 29
806 271 38 29
806 271 38 29
806 271 38 29
806 271 38 29
806 272 38 29
806 272 38 29
806 273 38 29
806 273 38 29
807 273 38 29
807 274 38 29
807 274 38 29
807 274 38 29
807 274 38 29
807 274 38 29
807 274 38 29
807 274 38 29
807 274 38 29
808 274 38 29
808 275 38 29
808 275 38 29
808 276 38 29
808 276 38 29
808 276 38 29
808 277 38 29
808 276 38 29
808 276 38 29
808 277 38 29
807 277 38 29
807 277 38 29
807 277 38 29
807 278 38 29
807 278 38 29
806 278 38 29
806 278 38 29
806 278 38 29
806 279 38 29
805 279 38 29
805 279 38 29
805 279 38 29
805 279 38 29
805 279 38 29
805 279 38 29
805 279 38 29
805 279 38 29
805 279 38 29
805 279 38 29
805 279 38 29
805 279 38 29
805 279 38 29
804 279 38 29
804 279 38 29
804 278 38 29
804 278 38 29
804 278 38 29
804 278 38 29
804 277 38 29
804 277 38 29
804 277 38 29
804 276 38 29
804 275 38 29
804 275 38 29
804 275 38 29
804 274 38 29
804 273 38 29
804 273 38 29
804 272 38 29
804 272 38 29
804 271 38 29
804 270 38 29
804 269 38 29
804 269 38 29
804 268 38 29
805 267 38 29
806 267 38 29
806 267 38 29
806 267 38 29
806 266 38 29
807 265 38 29
808 265 38 29
809 264 38 29
809 264 38 29
809 263 38 29
810 263 38 29
811 262 38 29
812 261 38 29
813 260 38 29
813 260 38 29
813 259 38 29
814 259 38 29
815 259 38 29
815 257 40 31
817 257 38 29
817 256 40 31
818 255 40 31
819 255 40 31
820 254 40 31
820 253 40 31
822 253 38 29
823 252 38 29
824 251 38 29
825 251 38 29
826 250 38 29
827 249 38 29
828 248 38 29
829 247 38 29
829 247 38 29
830 246 38 29
831 246 38 29
832 245 38 29
833 244 38 29
833 243 38 29
834 243 38 29
835 241 38 29
835 241 38 29
836 239 38 29
837 238 38 29
837 238 38 29
837 237 38 29
838 235 38 29
838 234 38 29
838 234 38 29
839 232 38 29
839 232 38 29
839 230 38 29
839 230 38 29
840 228 38 29
840 227 38 29
840 226 38 29
839 225 38 29
839 225 38 29
839 223 38 29
839 222 38 29
838 222 38 29
838 221 38 29
838 220 38 29
837 219 38 29
837 219 38 29
836 218 38 29
836 218 38 29
836 217 38 29
835 216 38 29
834 216 38 29
834 215 38 29
833 215 38 29
833 215 38 29
833 214 38 29
833 214 38 29
833 214 38 29
833 213 38 29
833 213 38 29
833 213 38 29
832 214 38 29
832 214 38 29
832 214 38 29
832 214 38 29
832 215 38 29
833 215 38 29
833 216 38 29
833 216 38 29
833 217 38 29
833 217 38 29
834 217 38 29
834 218 38 29
834 219 38 29
835 220 38 29
835 220 38 29
835 221 38 29
835 222 38 29
836 223 38 29
836 223 38 29
837 224 38 29
837 225 38 29
837 226 38 29
837 227 38 29
838 228 38 29
839 228 38 29
839 229 38 29
839 230 38 29
839 231 38 29
839 231 38 29
840 232 38 29
840 234 38 29
840 234 38 29
840 235 38 29
841 236 38 29
841 237 38 29
841 237 38 29
841 238 38 29
841 239 38 29
841 240 38 29
842 241 38 29
842 241 38 29
842 243 38 29
842 244 38 29
842 244 38 29
842 245 38 29
842 246 38 29
842 247 38 29
842 248 38 29
842 249 38 29
842 249 38 29
842 250 38 29
842 251 38 29
842 252 38 29
842 252 38 29
843 253 38 29
843 253 38 29
843 254 38 29
843 255 38 29
843 255 38 29
843 256 38 29
843 257 38 29
843 257 38 29
843 258 38 29
843 258 38 29
843 259 38 29
843 259 38 29
843 260 38 29
844 260 38 29
844 260 38 29
843 261 38 29
843 262 38 29
843 262 38 29
843 262 38 29
843 262 38 29
843 263 38 29
843 263 38 29
843 264 38 29
843 263 38 29
843 264 38 29
843 264 38 29
843 264 38 29
843 264 38 29
843 264 38 29
843 264 38 29
843 264 38 29
843 264 38 29
843 264 38 29
842 264 38 29
843 264 38 29
843 263 38 29
843 263 38 29
843 264 38 29
843 263 38 29
843 263 38 29
843 262 38 29
843 262 38 29
843 262 38 29
843 262 38 29
843 262 38 29
843 261 38 29
843 261 38 29
843 261 38 29
843 261 38 29
843 261 38 29
843 260 38 29
843 260 38 29
843 260 38 29
843 260 38 29
843 260 38 29
843 260 38 29
843 260 38 29
843 260 38 29
843 259 38 29
843 259 38 29
843 259 38 29
843 259 38 29
843 259 38 29
843 259 38 29
843 259 38 29
843 259 38 29
843 259 38 29
843 259 38 29
843 258 38 29
843 258 38 29
843 258 38 29
842 258 38 29
842 258 38 29
842 259 38 29
842 258 38 29
842 259 38 29
842 258 38 29
842 258 38 29
842 258 38 29
842 258 38 29
842 258 38 29
842 258 38 29
841 258 38 29
841 258 38 29
841 258 38 29
841 258 38 29
841 258 38 29
841 258 38 29
841 259 38 29
841 259 38 29
841 259 38 29
841 259 38 29
841 259 38 29
840 259 38 29
840 259 38 29
840 259 38 29
840 259 38 29
840 259 38 29
840 259 38 29
840 259 38 29
839 259 38 29
839 259 38 29
839 259 38 29
839 259 38 29
839 259 38 29
839 259 38 29
839 259 38 29
839 259 38 29
838 260 38 29
838 259 38 29
838 259 38 29
837 260 38 29
837 260 38 29
837 259 38 29
837 259 38 29
836 259 38 29
836 259 38 29
836 259 38 29
836 259 38 29
836 260 38 29
835 260 38 29
835 260 38 29
834 260 38 29
834 260 38 29
834 260 38 29
834 260 38 29
833 260 38 29
833 260 38 29
833 260 38 29
832 260 38 29
832 260 38 29
832 260 38 29
832 260 38 29
832 260 38 29
831 259 38 29
831 259 38 29
831 259 38 29
830 259 38 29
830 259 38 29
830 259 38 29
830 259 38 29
829 259 38 29
829 259 38 29
829 258 38 29
829 258 38 29
829 258 38 29
829 258 38 29
829 258 38 29
828 258 38 29
828 258 38 29
828 258 38 29
828 258 38 29
828 258 38 29
828 257 38 29
827 257 38 29
827 257 38 29
827 257 38 29
827 257 38 29
827 257 38 29
827 257 38 29
827 257 38 29
827 257 38 29
827 257 38 29
827 257 38 29
827 257 38 29
827 258 38 29
826 258 38 29
826 258 38 29
826 259 38 29
826 258 38 29
826 258 38 29
826 258 38 29
826 259 38 29
826 259 38 29
826 259 38 29
826 259 38 29
825 259 38 29
825 260 38 29
825 260 38 29
825 261 38 29
825 261 38 29
825 261 38 29
825 262 38 29
825 261 38 29
825 261 38 29
824 262 38 29
824 262 38 29
824 262 38 29
824 262 38 29
824 262 38 29
824 262 38 29
824 262 38 29
824 262 38 29
824 262 38 29
824 262 38 29
823 262 38 29
823 262 38 29
823 262 38 29
823 262 38 29
823 262 38 29
822 262 38 29
822 262 38 29
822 262 38 29
822 262 38 29
822 262 38 29
821 262 38 29
821 262 38 29
822 262 38 29
822 261 38 29
822 261 38 29
821 262 38 29
821 261 38 29
821 261 38 29
821 261 38 29
821 261 38 29
821 261 38 29
821 261 38 29
821 261 38 29
821 261 38 29
821 260 38 29
821 261 38 29
821 260 38 29
821 260 38 29
821 260 38 29
821 260 38 29
822 260 38 29
822 259 38 29
822 259 38 29
822 260 38 29
822 259 38 29
822 259 38 29
822 259 38 29
822 259 38 29
822 259 38 29
822 259 38 29
822 259 38 29
822 259 38 29
822 259 38 29
822 259 38 29
822 259 38 29
822 259 38 29
822 259 38 29
822 259 38 29
822 259 38 29
822 259 38 29
822 259 38 29
821 259 38 29
821 259 38 29
821 259 38 29
821 259 38 29
821 259 38 29
821 260 38 29
821 260 38 29
821 261 38 29
821 261 38 29
821 262 38 29
821 262 38 29
821 262 38 29
821 263 38 29
821 263 38 29
821 263 38 29
821 263 38 29
821 264 38 29
821 264 38 29
821 265 38 29
821 265 38 29
820 265 38 29
821 265 38 29
821 266 38 29
821 266 38 29
821 267 38 29
821 267 38 29
821 267 38 29
821 267 38 29
821 268 38 29
821 268 38 29
821 268 38 29
821 268 38 29
821 269 38 29
821 269 38 29
821 270 38 29
821 269 38 29
821 270 38 29
821 270 38 29
821 270 38 29
821 271 38 29
821 271 38 29
821 271 38 29
821 272 38 29
821 271 38 29
821 272 38 29
821 272 38 29
820 273 38 29
820 273 38 29
820 273 38 29
820 273 38 29
820 274 38 29
820 275 38 29
820 275 38 29
820 275 38 29
820 275 38 29
820 276 38 29
819 276 38 29
819 277 38 29
819 277 38 29
819 277 38 29
819 277 38 29
819 278 38 29
819 279 38 29
819 279 38 29
819 280 38 29
819 280 38 29
819 281 38 29
818 280 38 29
818 280 38 29
818 281 38 29
819 281 38 29
819 282 38 29
819 282 38 29
819 282 38 29
819 282 38 29
819 283 38 29
819 283 38 29
819 283 38 29
819 283 38 29
819 283 38 29
819 283 38 29
819 283 38 29
819 283 38 29
819 283 38 29
820 283 38 29
820 283 38 29
820 283 38 29
820 283 38 29
820 283 38 29
821 283 38 29
821 282 38 29
821 282 38 29
821 281 38 29
821 281 38 29
821 280 38 29
821 280 38 29
821 280 38 29
821 279 38 29
821 278 38 29
821 278 38 29
821 277 38 29
821 277 38 29
821 276 38 29
821 275 38 29
821 275 38 29
821 274 38 29
821 273 38 29
821 273 38 29
821 272 38 29
821 272 38 29
821 271 38 29
821 270 38 29
821 269 38 29
821 268 38 29
821 268 38 29
821 267 38 29
821 267 38 29
820 266 38 29
820 266 38 29
820 265 38 29
820 265 38 29
819 264 38 29
819 264 38 29
819 263 38 29
819 262 38 29
819 261 38 29
819 261 38 29
819 261 38 29
819 260 38 29
819 260 38 29
819 259 38 29
819 259 38 29
819 259 38 29
818 259 38 29
818 258 38 29
818 258 38 29
818 258 38 29
818 257 38 29
818 257 38 29
818 257 38 29
817 257 38 29
817 257 38 29
817 256 38 29
817 256 38 29
817 256 38 29
817 256 38 29
817 256 38 29
817 255 38 29
817 255 38 29
817 255 38 29
817 255 38 29
817 255 38 29
817 255 38 29
817 255 38 29
817 255 38 29
817 255 38 29
816 255 38 29
817 254 38 29
817 254 38 29
817 254 38 29
817 254 38 29
817 254 38 29
817 254 38 29
817 254 38 29
817 254 38 29
817 254 38 29
817 254 38 29
817 254 38 29
817 253 38 29
817 253 38 29
817 253 38 29
817 253 38 29
817 253 38 29
817 253 38 29
817 253 38 29
817 253 38 29
818 253 38 29
818 253 38 29
818 253 38 29
818 253 38 29
818 253 38 29
818 253 38 29
818 253 38 29
819 253 38 29
819 253 38 29
819 253 38 29
819 253 38 29
819 253 38 29
820 253 38 29
820 253 38 29
820 253 38 29
820 253 38 29
820 253 38 29
820 252 38 29
820 252 38 29
820 252 38 29
820 252 38 29
820 252 38 29
820 252 38 29
820 253 38 29
820 253 38 29
820 253 38 29
820 253 38 29
820 253 38 29
820 253 38 29
819 253 38 29
819 253 38 29
819 253 38 29
819 254 38 29
819 254 38 29
819 254 38 29
819 254 38 29
818 254 38 29
818 254 38 29
818 254 38 29
818 254 38 29
817 254 38 29
817 254 38 29
817 255 38 29
816 255 38 29
816 255 38 29
816 255 38 29
816 255 38 29
816 255 38 29
815 255 38 29
815 256 38 29
815 256 38 29
815 257 38 29
815 257 38 29
815 257 38 29
815 257 38 29
814 257 38 29
814 258 38 29
814 258 38 29
814 259 38 29
814 259 38 29
814 259 38 29
814 259 38 29
814 260 38 29
814 260 38 29
814 260 38 29
813 260 38 29
813 260 38 29
813 261 38 29
813 261 38 29
813 261 38 29
813 262 38 29
814 262 38 29
814 262 38 29
814 262 38 29
814 262 38 29
814 262 38 29
814 263 38 29
814 263 38 29
814 263 38 29
815 263 38 29
815 263 38 29
816 263 38 29
816 263 38 29
816 263 38 29
816 263 38 29
816 263 38 29
816 263 38 29
816 263 38 29
817 263 38 29
817 263 38 29
817 263 38 29
817 263 38 29
817 263 38 29
817 263 38 29
818 263 38 29
818 262 38 29
818 262 38 29
818 262 38 29
818 262 38 29
818 262 38 29
818 262 38 29
818 262 38 29
819 262 38 29
819 261 38 29
819 261 38 29
819 261 38 29
819 261 38 29
819 261 38 29
819 261 38 29
819 261 38 29
819 261 38 29
819 261 38 29
819 261 38 29
819 261 38 29
819 261 38 29
819 261 38 29
819 261 38 29
819 261 38 29
819 261 38 29
818 261 38 29
819 261 38 29
819 262 38 29
819 262 38 29
818 262 38 29
818 262 38 29
818 262 38 29
818 263 38 29
818 263 38 29
818 263 38 29
818 263 38 29
818 264 38 29
818 264 38 29
818 264 38 29
817 265 38 29
817 265 38 29
817 265 38 29
817 265 38 29
817 266 38 29
816 266 38 29
816 266 38 29
816 266 38 29
816 267 38 29
816 267 38 29
816 268 38 29
816 268 38 29
815 269 38 29
815 269 38 29
815 269 38 29
815 270 38 29
815 270 38 29
815 270 38 29
814 270 38 29
814 270 38 29
814 271 38 29
814 271 38 29
814 272 38 29
814 271 38 29
814 272 38 29
814 272 38 29
814 272 38 29
814 272 38 29
814 272 38 29
814 273 36 28
814 273 36 28
814 273 36 28
814 273 36 28
813 273 38 29
813 272 38 29
813 272 38 29
813 272 38 29
813 272 38 29
813 271 38 29
813 271 38 29
813 271 38 29
812 271 38 29
812 270 38 29
812 270 38 29
812 270 38 29
812 270 38 29
812 270 38 29
812 270 38 29
