743 317 33 29
743 316 33 29
743 316 33 29
743 315 33 29
744 315 33 29
744 314 33 29
744 313 33 29
744 313 33 29
745 312 33 29
744 311 33 29
745 311 33 29
745 310 33 29
745 310 33 29
746 309 31 27
746 309 31 27
746 308 31 27
746 307 31 27
746 307 31 27
747 306 31 27
747 305 31 27
748 304 33 29
748 303 33 29
748 303 33 29
749 302 33 29
749 301 33 29
750 301 33 29
751 301 33 29
752 301 31 27
753 301 31 27
753 301 31 27
753 300 31 27
754 300 31 27
754 299 33 29
754 299 33 29
754 299 33 29
755 299 33 29
755 299 33 29
756 299 33 29
756 299 33 29
756 299 33 29
756 300 33 29
756 299 33 29
756 300 33 29
756 300 33 29
757 299 33 29
756 300 33 29
756 300 33 29
756 301 33 29
756 301 33 29
756 301 33 29
756 301 33 29
756 301 33 29
756 302 33 29
755 302 33 29
755 302 33 29
755 302 33 29
755 302 33 29
755 303 33 29
754 304 33 29
755 303 33 29
754 304 33 29
754 304 33 29
754 305 33 29
753 305 33 29
754 304 33 29
753 306 33 29
754 305 33 29
753 306 33 29
754 305 33 29
754 306 33 29
754 306 33 29
754 306 33 29
754 306 33 29
755 306 33 29
755 306 33 29
755 307 33 29
756 306 33 29
756 307 33 29
756 307 33 29
756 306 33 29
757 307 33 29
757 307 33 29
757 308 33 29
758 307 33 29
758 308 33 29
759 308 33 29
759 307 33 29
759 308 33 29
760 308 33 29
759 309 33 29
760 308 33 29
760 308 33 29
761 309 33 29
761 308 33 29
761 309 33 29
761 309 33 29
761 308 33 29
761 309 33 29
762 308 33 29
761 309 33 29
762 308 33 29
762 308 33 29
762 308 33 29
762 307 33 29
762 308 33 29
763 307 33 29
762 307 33 29
763 306 33 29
763 306 33 29
763 305 33 29
762 305 33 29
763 304 33 29
763 303 33 29
763 303 33 29
763 302 33 29
763 301 33 29
763 300 33 29
762 298 33 29
763 298 33 29
763 297 33 29
762 295 33 29
763 295 33 29
763 292 33 29
762 292 33 29
762 291 33 29
763 290 33 29
762 288 33 29
762 288 33 29
762 286 33 29
762 284 33 29
762 284 33 29
762 282 33 29
762 282 33 29
761 280 33 29
762 278 33 29
762 278 33 29
761 276 33 29
762 275 33 29
761 274 33 29
761 273 33 29
761 273 33 29
760 271 33 29
760 271 33 29
760 270 33 29
760 269 33 29
759 269 33 29
759 268 33 29
758 268 33 29
758 267 33 29
758 266 33 29
758 266 33 29
757 266 33 29
756 266 33 29
757 265 33 29
756 265 33 29
756 265 33 29
756 265 33 29
755 264 33 29
755 264 33 29
754 264 33 29
754 265 33 29
754 264 33 29
754 264 33 29
754 264 33 29
754 264 33 29
753 264 33 29
753 263 33 29
753 264 33 29
752 264 33 29
753 264 33 29
752 264 33 29
752 264 33 29
752 264 33 29
752 265 33 29
752 264 33 29
751 265 33 29
752 264 33 29
751 265 33 29
751 265 33 29
751 265 33 29
751 265 33 29
751 265 33 29
751 265 33 29
751 265 33 29
751 266 33 29
750 265 33 29
751 266 33 29
751 265 33 29
751 266 33 29
751 266 33 29
751 266 33 29
751 266 33 29
751 266 33 29
751 266 33 29
751 267 33 29
751 267 33 29
751 267 33 29
751 267 33 29
751 267 33 29
751 268 33 29
752 268 33 29
751 268 33 29
752 268 33 29
752 269 33 29
751 269 33 29
752 270 33 29
752 270 33 29
751 271 33 29
752 271 33 29
752 271 33 29
752 272 33 29
753 272 33 29
753 273 33 29
753 273 33 29
753 273 33 29
753 274 33 29
754 275 33 29
754 275 33 29
755 275 33 29
754 276 33 29
755 277 33 29
755 277 33 29
755 277 33 29
756 278 33 29
755 278 33 29
756 279 33 29
756 279 33 29
756 279 33 29
756 280 33 29
757 280 33 29
757 281 33 29
758 281 33 29
758 282 33 29
759 282 33 29
759 282 33 29
759 283 33 29
760 283 33 29
760 283 33 29
761 284 33 29
761 285 33 29
761 285 33 29
761 285 33 29
762 286 33 29
762 286 33 29
762 286 33 29
763 287 33 29
763 287 33 29
763 288 33 29
763 288 33 29
763 288 33 29
764 289 33 29
763 289 33 29
764 290 33 29
764 290 33 29
764 291 33 29
765 291 33 29
764 291 33 29
765 291 33 29
765 293 33 29
765 292 33 29
765 293 33 29
765 294 33 29
765 294 33 29
766 294 33 29
766 295 33 29
765 295 33 29
766 296 33 29
766 296 33 29
767 296 33 29
766 297 33 29
767 297 33 29
767 298 33 29
767 298 33 29
767 298 33 29
767 298 33 29
767 298 33 29
768 298 33 29
768 299 33 29
768 298 33 29
768 298 33 29
769 298 33 29
769 298 33 29
769 298 33 29
770 298 33 29
770 297 33 29
770 297 33 29
770 296 33 29
771 296 33 29
771 295 33 29
772 294 33 29
773 293 33 29
773 293 33 29
773 292 33 29
774 291 31 27
775 291 31 27
775 289 31 27
775 286 33 29
775 286 33 29
775 285 33 29
775 284 33 29
776 282 33 29
776 281 33 29
776 280 33 29
777 280 31 27
777 278 31 27
777 276 33 29
777 276 33 29
777 273 33 29
778 273 33 29
778 272 33 29
778 270 33 29
778 270 33 29
779 269 33 29
779 268 33 29
779 266 33 29
779 266 33 29
780 265 33 29
779 264 33 29
780 263 33 29
781 263 33 29
780 261 33 29
781 261 33 29
781 260 33 29
782 260 33 29
782 259 33 29
782 259 33 29
782 258 33 29
783 258 33 29
783 258 33 29
783 257 33 29
784 257 33 29
785 257 33 29
785 257 33 29
785 256 33 29
785 256 33 29
786 256 33 29
786 256 33 29
786 256 33 29
786 256 33 29
787 256 33 29
787 255 33 29
787 255 33 29
788 255 33 29
788 255 33 29
788 255 33 29
788 254 33 29
788 255 33 29
788 254 33 29
788 254 33 29
788 254 33 29
787 253 33 29
787 253 33 29
787 253 33 29
787 253 33 29
787 253 33 29
786 253 33 29
786 253 33 29
784 252 33 29
784 252 33 29
783 253 33 29
782 252 33 29
781 252 33 29
781 252 33 29
779 252 33 29
778 252 33 29
778 252 33 29
776 252 33 29
776 252 33 29
774 252 33 29
773 253 33 29
772 252 33 29
771 253 33 29
770 253 33 29
769 253 33 29
768 253 33 29
767 254 33 29
766 254 33 29
765 254 33 29
764 255 33 29
763 255 33 29
762 255 33 29
761 256 33 29
760 256 33 29
760 257 33 29
758 257 33 29
758 258 33 29
758 258 33 29
758 259 33 29
757 260 33 29
756 260 33 29
757 261 33 29
756 261 33 29
757 261 33 29
757 261 33 29
757 262 33 29
757 262 33 29
758 262 33 29
758 262 33 29
759 263 33 29
759 263 33 29
760 263 33 29
761 263 33 29
761 263 33 29
761 263 33 29
763 263 33 29
763 263 33 29
764 264 33 29
764 263 33 29
766 264 33 29
766 263 33 29
767 263 33 29
768 264 33 29
769 263 33 29
770 264 33 29
770 263 33 29
772 264 33 29
772 263 33 29
773 264 33 29
774 263 33 29
774 264 33 29
776 263 33 29
776 264 33 29
776 263 33 29
777 264 33 29
778 264 33 29
778 264 33 29
778 264 33 29
780 264 33 29
780 264 33 29
780 265 33 29
781 264 33 29
781 265 33 29
781 265 33 29
782 265 33 29
782 265 33 29
782 265 33 29
782 266 33 29
782 266 33 29
783 266 33 29
782 266 33 29
783 266 33 29
783 266 33 29
782 266 33 29
783 267 33 29
783 266 33 29
783 267 33 29
782 267 33 29
782 267 33 29
783 267 33 29
783 267 33 29
782 267 33 29
782 267 33 29
782 267 33 29
782 267 33 29
782 268 33 29
782 267 33 29
782 268 33 29
781 267 33 29
782 268 33 29
782 268 33 29
781 267 33 29
782 268 33 29
781 268 33 29
781 267 33 29
781 268 33 29
781 268 33 29
781 268 33 29
781 268 33 29
781 268 33 29
780 268 33 29
780 268 33 29
781 268 33 29
780 268 33 29
780 268 33 29
781 269 33 29
780 268 33 29
780 268 33 29
780 268 33 29
780 269 33 29
780 268 33 29
780 269 33 29
780 268 33 29
780 269 33 29
780 268 33 29
780 269 33 29
780 269 33 29
779 268 33 29
780 269 33 29
779 268 33 29
780 269 33 29
780 269 33 29
779 268 33 29
780 269 33 29
779 269 33 29
779 268 33 29
779 269 33 29
779 269 33 29
779 269 33 29
779 269 33 29
779 269 33 29
779 269 33 29
779 269 33 29
778 269 33 29
778 269 33 29
779 269 33 29
778 270 33 29
778 269 33 29
778 270 33 29
778 270 33 29
777 270 33 29
778 270 33 29
777 270 33 29
777 270 33 29
777 271 33 29
777 271 33 29
777 271 33 29
777 271 33 29
777 271 33 29
776 271 33 29
776 271 33 29
776 272 33 29
776 272 33 29
776 272 33 29
776 272 33 29
776 272 33 29
775 272 33 29
775 272 33 29
775 272 33 29
775 273 33 29
774 273 33 29
774 272 33 29
774 273 33 29
774 273 33 29
774 272 33 29
774 273 33 29
774 273 33 29
773 273 33 29
773 272 33 29
773 273 33 29
773 272 33 29
773 272 33 29
772 273 33 29
773 272 33 29
772 272 33 29
772 272 33 29
772 272 33 29
772 272 33 29
772 271 33 29
772 272 33 29
771 271 33 29
772 271 33 29
771 271 33 29
772 271 33 29
771 270 33 29
771 270 33 29
772 270 33 29
771 270 33 29
771 270 33 29
771 270 33 29
771 269 33 29
771 269 33 29
771 269 33 29
771 269 33 29
771 269 33 29
771 269 33 29
771 269 33 29
771 268 33 29
771 269 33 29
770 268 33 29
771 269 33 29
771 268 33 29
770 268 33 29
771 269 33 29
770 268 33 29
771 268 33 29
770 269 33 29
770 268 33 29
771 269 33 29
770 269 33 29
771 268 33 29
770 269 33 29
771 269 33 29
770 269 33 29
770 269 33 29
770 269 33 29
770 269 33 29
770 270 33 29
770 269 33 29
770 270 33 29
770 270 33 29
770 270 33 29
770 270 33 29
769 270 33 29
770 270 33 29
769 270 33 29
769 271 33 29
770 270 33 29
769 270 33 29
769 270 33 29
769 271 33 29
769 270 33 29
769 270 33 29
768 271 33 29
769 270 33 29
768 270 33 29
769 270 33 29
768 270 33 29
768 270 33 29
768 270 33 29
769 270 33 29
768 270 33 29
769 269 33 29
768 270 33 29
768 269 33 29
769 270 33 29
768 269 33 29
768 269 33 29
769 269 33 29
768 269 33 29
768 269 33 29
768 269 33 29
769 269 33 29
768 269 33 29
768 269 33 29
769 269 33 29
769 270 33 29
769 269 33 29
769 269 33 29
769 269 33 29
769 269 33 29
770 270 33 29
770 269 33 29
771 269 33 29
771 269 33 29
771 269 33 29
771 269 33 29
771 270 33 29
772 269 33 29
772 269 33 29
772 268 33 29
772 269 33 29
773 268 33 29
773 269 33 29
773 268 33 29
773 268 33 29
774 267 33 29
774 268 33 29
774 267 33 29
775 267 33 29
775 266 33 29
775 266 33 29
776 266 33 29
776 266 33 29
776 265 33 29
777 264 33 29
776 264 33 29
777 264 33 29
778 264 33 29
778 263 33 29
779 263 33 29
779 262 33 29
779 262 33 29
779 261 33 29
779 260 33 29
779 260 33 29
779 260 33 29
780 260 33 29
779 258 33 29
780 258 33 29
780 258 33 29
780 258 33 29
780 257 33 29
780 256 33 29
780 256 33 29
780 256 33 29
780 255 33 29
780 255 33 29
780 255 33 29
780 254 33 29
780 254 33 29
780 253 33 29
780 254 33 29
780 253 33 29
780 253 33 29
780 252 33 29
779 252 33 29
779 252 33 29
780 252 33 29
779 251 33 29
778 251 33 29
779 251 33 29
778 251 33 29
778 250 33 29
778 250 33 29
777 250 33 29
778 250 33 29
777 250 33 29
777 250 33 29
777 250 33 29
777 250 33 29
777 249 33 29
778 250 33 29
777 250 33 29
777 250 33 29
777 250 33 29
777 249 33 29
777 250 33 29
777 250 33 29
777 250 33 29
778 251 33 29
778 250 33 29
777 251 33 29
778 250 33 29
778 251 33 29
779 251 33 29
778 251 33 29
779 251 33 29
779 252 33 29
779 252 33 29
779 252 33 29
779 252 33 29
779 253 33 29
779 253 33 29
779 253 33 29
779 253 33 29
779 254 33 29
780 254 33 29
780 254 33 29
780 254 33 29
779 255 33 29
780 254 33 29
780 255 33 29
780 255 33 29
780 255 33 29
780 255 33 29
780 255 33 29
780 255 33 29
780 255 33 29
780 255 33 29
781 255 33 29
780 255 33 29
780 255 33 29
780 255 33 29
781 255 33 29
780 255 33 29
780 255 33 29
780 254 33 29
780 255 33 29
781 254 33 29
780 255 33 29
780 254 33 29
780 254 33 29
780 254 33 29
779 254 33 29
780 253 33 29
780 253 33 29
780 253 33 29
780 253 33 29
779 252 33 29
780 252 33 29
780 252 33 29
779 252 33 29
779 252 33 29
779 251 33 29
779 251 33 29
779 251 33 29
779 251 33 29
778 250 33 29
778 250 33 29
778 250 33 29
778 250 33 29
778 250 33 29
777 250 33 29
777 249 33 29
776 249 33 29
777 249 33 29
776 249 33 29
776 249 33 29
775 249 33 29
775 248 33 29
775 248 33 29
775 248 33 29
774 248 33 29
774 248 33 29
773 248 33 29
773 248 33 29
773 247 33 29
773 247 33 29
772 247 33 29
772 246 33 29
771 247 33 29
771 246 33 29
771 246 33 29
771 245 33 29
771 245 33 29
771 245 33 29
770 245 33 29
770 244 33 29
771 244 33 29
770 243 33 29
770 244 33 29
770 243 33 29
769 242 33 29
769 242 33 29
770 242 33 29
769 242 33 29
769 242 33 29
770 241 33 29
769 241 33 29
769 240 33 29
769 240 33 29
769 240 33 29
769 240 33 29
769 239 33 29
769 239 33 29
768 239 33 29
769 239 33 29
768 238 33 29
769 238 33 29
768 238 33 29
769 237 33 29
769 237 33 29
769 237 33 29
769 237 33 29
769 236 33 29
769 236 33 29
769 236 33 29
770 236 33 29
770 235 33 29
770 236 33 29
770 235 33 29
770 235 33 29
771 235 33 29
770 235 33 29
771 235 33 29
771 234 33 29
771 234 33 29
772 235 33 29
771 234 33 29
772 234 33 29
772 234 33 29
772 234 33 29
773 234 33 29
773 234 33 29
773 234 33 29
773 234 33 29
773 234 33 29
774 234 33 29
774 235 33 29
774 234 33 29
775 234 33 29
775 235 33 29
775 234 33 29
775 235 33 29
775 235 33 29
776 235 33 29
776 235 33 29
776 235 33 29
777 236 33 29
776 235 33 29
777 236 33 29
777 236 33 29
777 236 33 29
777 236 33 29
777 236 33 29
777 236 33 29
778 237 33 29
777 237 33 29
777 236 33 29
778 237 33 29
777 237 33 29
777 238 33 29
778 238 33 29
778 238 33 29
777 238 33 29
778 238 33 29
777 238 33 29
777 239 33 29
777 239 33 29
777 239 33 29
777 239 33 29
777 240 33 29
777 240 33 29
777 240 33 29
776 240 33 29
776 240 33 29
777 240 33 29
776 241 33 29
776 241 33 29
776 241 33 29
776 241 33 29
775 241 33 29
775 241 33 29
775 242 33 29
775 242 33 29
775 242 33 29
775 242 33 29
775 242 33 29
774 242 33 29
774 242 33 29
774 242 33 29
774 243 33 29
774 243 33 29
774 243 33 29
774 243 33 29
774 243 33 29
773 244 33 29
774 244 33 29
773 244 33 29
773 244 33 29
773 244 33 29
773 244 33 29
774 245 33 29
773 244 33 29
773 245 33 29
773 245 33 29
773 245 33 29
774 244 33 29
774 245 33 29
773 245 33 29
774 245 33 29
774 245 33 29
774 246 33 29
774 245 33 29
774 246 33 29
774 246 33 29
774 246 33 29
774 246 33 29
774 246 33 29
774 246 33 29
775 246 33 29
774 247 33 29
775 247 33 29
774 247 33 29
775 247 33 29
774 247 33 29
775 247 33 29
775 248 33 29
775 248 33 29
775 248 33 29
775 248 33 29
775 249 33 29
774 249 33 29
775 249 33 29
774 250 33 29
775 250 33 29
775 250 33 29
774 251 33 29
774 251 33 29
774 252 33 29
774 252 33 29
774 252 33 29
773 253 33 29
773 254 33 29
773 254 33 29
773 255 33 29
772 255 33 29
772 256 33 29
772 256 33 29
772 257 33 29
772 256 33 29
771 258 33 29
771 257 33 29
771 258 33 29
771 258 33 29
771 259 33 29
770 259 33 29
770 259 33 29
770 259 33 29
770 260 33 29
770 260 33 29
769 260 33 29
769 261 33 29
769 261 33 29
769 260 33 29
769 261 33 29
769 262 33 29
769 261 33 29
769 262 33 29
768 261 33 29
769 262 33 29
768 261 33 29
769 261 33 29
768 262 33 29
768 261 33 29
768 261 33 29
768 261 33 29
768 260 33 29
768 261 33 29
768 260 33 29
768 259 33 29
768 259 33 29
768 259 33 29
768 259 33 29
768 258 33 29
769 258 33 29
768 257 33 29
768 257 33 29
769 257 33 29
768 256 33 29
769 255 33 29
769 255 33 29
768 254 33 29
769 254 33 29
769 253 33 29
769 253 33 29
769 252 33 29
769 251 33 29
769 252 33 29
769 250 33 29
769 251 33 29
769 250 33 29
770 250 33 29
769 249 33 29
769 249 33 29
770 249 33 29
769 249 33 29
769 248 33 29
769 248 33 29
769 248 33 29
769 248 33 29
769 247 33 29
769 247 33 29
769 247 33 29
769 247 33 29
768 246 33 29
768 247 33 29
769 246 33 29
768 247 33 29
768 247 33 29
768 246 33 29
768 246 33 29
768 247 33 29
768 246 33 29
768 246 33 29
768 247 33 29
768 246 33 29
768 246 33 29
769 246 33 29
768 246 33 29
769 246 33 29
769 246 33 29
769 247 33 29
769 246 33 29
770 246 33 29
770 247 33 29
770 246 33 29
772 247 33 29
772 246 33 29
772 247 33 29
773 247 33 29
774 247 33 29
775 247 33 29
776 248 33 29
776 247 33 29
778 247 33 29
778 248 33 29
778 248 33 29
781 247 33 29
782 248 33 29
783 248 33 29
786 249 33 29
787 249 33 29
787 249 33 29
788 250 33 29
789 250 33 29
790 250 33 29
791 250 33 29
792 251 33 29
792 251 33 29
794 252 33 29
794 252 33 29
794 254 33 29
796 253 33 29
796 254 33 29
796 254 33 29
797 255 33 29
797 255 33 29
799 256 33 29
800 256 33 29
800 256 33 29
801 257 33 29
801 257 33 29
801 258 33 29
802 258 33 29
802 258 33 29
803 259 33 29
803 259 33 29
803 259 33 29
803 259 33 29
804 260 33 29
805 260 33 29
805 260 33 29
805 260 33 29
805 260 33 29
806 260 33 29
807 260 33 29
807 260 33 29
807 261 33 29
808 260 33 29
809 260 33 29
810 260 33 29
810 260 33 29
810 260 33 29
811 260 33 29
812 260 33 29
812 259 33 29
814 260 33 29
814 259 33 29
815 259 33 29
815 259 33 29
816 259 33 29
816 259 33 29
818 259 33 29
819 259 33 29
819 259 33 29
820 258 33 29
820 258 33 29
820 258 33 29
821 258 33 29
821 258 33 29
821 258 33 29
823 258 33 29
823 257 33 29
823 258 33 29
823 257 33 29
823 257 33 29
823 257 33 29
824 257 33 29
824 257 33 29
824 257 33 29
824 257 33 29
825 256 33 29
825 257 33 29
825 257 33 29
826 256 33 29
825 257 33 29
826 256 33 29
825 256 33 29
826 256 33 29
825 256 33 29
826 256 33 29
826 255 33 29
826 256 33 29
827 255 33 29
826 256 33 29
826 255 33 29
826 255 33 29
826 255 33 29
826 255 33 29
826 255 33 29
826 255 33 29
826 254 33 29
825 254 33 29
825 254 33 29
825 254 33 29
825 254 33 29
825 254 33 29
824 253 33 29
824 254 33 29
825 254 33 29
824 253 33 29
824 253 33 29
824 254 33 29
824 253 33 29
824 253 33 29
824 253 33 29
825 253 33 29
824 252 33 29
825 252 33 29
825 252 33 29
825 252 33 29
825 252 33 29
826 251 33 29
826 250 33 29
827 250 33 29
827 250 33 29
828 250 33 29
828 249 33 29
829 249 33 29
829 249 33 29
830 248 33 29
831 248 33 29
831 248 33 29
832 248 33 29
832 247 33 29
834 247 33 29
834 247 33 29
835 246 33 29
836 246 33 29
836 246 33 29
838 246 33 29
839 245 33 29
839 246 33 29
839 245 33 29
840 246 33 29
842 245 33 29
842 245 33 29
843 245 33 29
844 246 33 29
844 245 33 29
846 245 33 29
846 245 33 29
846 246 33 29
847 245 33 29
848 246 33 29
848 246 33 29
849 246 33 29
849 246 33 29
849 246 33 29
850 247 33 29
850 247 33 29
850 248 33 29
850 248 33 29
850 248 33 29
850 249 33 29
850 249 33 29
851 249 33 29
850 250 33 29
850 250 33 29
850 250 33 29
851 251 33 29
850 251 33 29
850 252 33 29
850 252 33 29
850 252 33 29
849 253 33 29
849 253 33 29
849 254 33 29
850 254 33 29
849 255 33 29
848 255 33 29
848 255 33 29
849 256 33 29
848 256 33 29
848 257 33 29
847 258 33 29
847 258 33 29
848 258 33 29
847 259 33 29
847 260 33 29
847 260 33 29
848 260 33 29
847 261 33 29
847 262 33 29
848 262 33 29
847 263 33 29
847 263 33 29
847 263 33 29
848 264 33 29
847 264 33 29
848 265 33 29
848 265 33 29
847 266 33 29
848 266 33 29
848 266 33 29
848 266 33 29
848 267 33 29
849 267 33 29
848 268 33 29
849 268 33 29
849 268 33 29
848 268 33 29
849 268 33 29
849 269 33 29
849 268 33 29
850 269 33 29
849 269 33 29
849 268 33 29
850 269 33 29
849 269 33 29
849 269 33 29
849 268 33 29
849 269 33 29
849 268 33 29
849 268 33 29
849 269 33 29
849 268 33 29
848 268 33 29
848 267 33 29
848 268 33 29
848 267 33 29
847 267 33 29
847 267 33 29
846 267 33 29
846 267 33 29
846 266 33 29
846 267 33 29
845 266 33 29
845 267 33 29
844 266 33 29
844 266 33 29
844 267 33 29
843 266 33 29
843 266 33 29
843 267 33 29
842 267 33 29
842 267 33 29
841 266 33 29
841 267 33 29
841 267 33 29
840 267 33 29
841 266 33 29
840 267 33 29
840 266 33 29
840 266 33 29
839 266 33 29
840 266 33 29
839 266 33 29
839 265 33 29
839 265 33 29
839 266 33 29
838 265 33 29
838 264 33 29
838 265 33 29
837 264 33 29
838 264 33 29
837 264 33 29
837 263 33 29
837 264 33 29
837 263 33 29
837 263 33 29
837 263 33 29
837 262 33 29
837 262 33 29
837 263 33 29
836 262 33 29
837 262 33 29
836 262 33 29
836 262 33 29
836 262 33 29
836 261 33 29
836 262 33 29
836 261 33 29
836 261 33 29
836 261 33 29
835 262 33 29
836 261 33 29
835 262 33 29
836 262 33 29
835 261 33 29
836 262 33 29
835 262 33 29
835 261 33 29
836 262 33 29
835 262 33 29
835 263 33 29
835 262 33 29
836 262 33 29
835 263 33 29
835 263 33 29
835 262 33 29
835 263 33 29
835 263 33 29
835 263 33 29
835 263 33 29
835 263 33 29
835 263 33 29
835 263 33 29
836 263 33 29
835 263 33 29
835 264 33 29
836 263 33 29
835 264 33 29
836 263 33 29
836 264 33 29
835 264 33 29
836 264 33 29
836 264 33 29
836 265 33 29
836 265 33 29
836 264 33 29
836 265 33 29
836 266 33 29
836 266 33 29
836 266 33 29
836 266 33 29
836 267 33 29
836 268 33 29
836 267 33 29
837 268 33 29
836 269 33 29
836 269 33 29
837 269 33 29
836 270 33 29
837 270 33 29
836 271 33 29
837 270 33 29
836 272 33 29
836 272 33 29
836 272 33 29
837 273 33 29
836 274 33 29
836 273 33 29
837 274 33 29
836 275 33 29
836 275 33 29
837 275 33 29
836 275 33 29
836 276 33 29
835 276 33 29
836 277 33 29
836 277 33 29
835 278 33 29
835 277 33 29
835 278 33 29
835 278 33 29
835 278 33 29
835 279 33 29
834 278 33 29
834 279 33 29
834 279 33 29
834 279 33 29
834 279 33 29
833 280 33 29
833 279 33 29
833 280 33 29
832 280 33 29
832 279 33 29
832 280 33 29
832 279 33 29
832 280 33 29
831 279 33 29
831 280 33 29
831 279 33 29
831 279 33 29
830 279 33 29
830 279 33 29
830 280 33 29
830 279 33 29
830 279 33 29
830 279 33 29
829 279 33 29
829 278 33 29
829 279 33 29
829 279 33 29
829 279 33 29
829 279 33 29
828 279 33 29
829 279 33 29
828 279 33 29
829 280 33 29
828 279 33 29
828 280 33 29
828 279 33 29
829 280 33 29
828 280 33 29
828 279 33 29
828 280 33 29
828 280 33 29
827 281 33 29
828 280 33 29
827 280 33 29
827 281 33 29
827 281 33 29
826 281 33 29
827 282 33 29
826 282 33 29
827 282 33 29
826 281 33 29
827 282 33 29
826 281 33 29
826 282 33 29
826 281 33 29
826 282 33 29
826 281 33 29
825 282 33 29
825 281 33 29
825 282 33 29
824 281 33 29
823 281 33 29
822 281 33 29
822 281 33 29
821 281 33 29
821 280 33 29
822 281 33 29
820 281 33 29
820 281 33 29
819 281 33 29
819 281 33 29
818 281 33 29
818 280 33 29
816 280 33 29
816 280 33 29
815 280 33 29
815 280 33 29
814 280 33 29
813 280 33 29
813 279 33 29
812 280 33 29
812 279 33 29
812 278 33 29
811 279 33 29
811 278 33 29
810 278 33 29
810 278 33 29
810 278 33 29
810 278 33 29
809 278 33 29
810 277 33 29
810 277 33 29
809 276 33 29
810 277 33 29
810 276 33 29
810 275 33 29
810 276 33 29
810 275 33 29
811 275 33 29
811 274 33 29
811 274 33 29
811 274 33 29
811 273 33 29
812 273 33 29
812 273 33 29
812 272 33 29
812 272 33 29
813 271 33 29
813 271 33 29
813 271 33 29
813 270 33 29
814 269 33 29
814 269 33 29
814 268 33 29
815 268 33 29
814 267 33 29
815 267 33 29
815 266 33 29
815 266 33 29
815 265 33 29
815 265 33 29
815 264 33 29
815 263 33 29
816 263 33 29
815 263 33 29
816 262 33 29
816 261 33 29
816 261 33 29
816 261 33 29
817 260 33 29
816 260 33 29
816 259 33 29
817 259 33 29
816 258 33 29
817 258 33 29
817 258 33 29
816 257 33 29
817 257 33 29
817 256 33 29
816 256 33 29
817 256 33 29
816 256 33 29
817 255 33 29
817 255 33 29
817 255 33 29
817 255 33 29
817 255 33 29
817 254 33 29
817 254 33 29
817 254 33 29
817 254 33 29
817 254 33 29
817 254 33 29
818 254 33 29
818 254 33 29
818 255 33 29
818 254 33 29
819 255 33 29
819 254 33 29
819 255 33 29
819 255 33 29
819 255 33 29
820 255 33 29
820 255 33 29
820 255 33 29
821 256 33 29
821 256 33 29
821 256 33 29
821 256 33 29
821 256 33 29
822 257 33 29
822 257 33 29
822 257 33 29
823 258 33 29
822 258 33 29
823 258 33 29
822 258 33 29
823 259 33 29
823 259 33 29
824 259 33 29
824 260 33 29
824 259 33 29
824 260 33 29
824 260 33 29
824 260 33 29
825 261 33 29
825 260 33 29
825 261 33 29
825 261 33 29
825 261 33 29
826 261 33 29
825 261 33 29
825 261 33 29
825 262 33 29
826 261 33 29
825 262 33 29
825 262 33 29
826 262 33 29
825 262 33 29
825 262 33 29
825 263 33 29
826 262 33 29
825 263 33 29
825 262 33 29
825 263 33 29
824 263 33 29
825 263 33 29
825 263 33 29
824 263 33 29
825 263 33 29
824 263 33 29
824 263 33 29
824 263 33 29
824 264 33 29
824 263 33 29
824 264 33 29
824 264 33 29
824 264 33 29
824 264 33 29
824 264 33 29
823 264 33 29
824 264 33 29
823 264 33 29
824 264 33 29
823 264 33 29
824 265 33 29
824 265 33 29
823 264 33 29
824 265 33 29
824 265 33 29
824 265 33 29
824 265 33 29
824 265 33 29
824 265 33 29
824 265 33 29
824 266 33 29
825 265 33 29
824 266 33 29
825 266 33 29
825 266 33 29
825 266 33 29
825 266 33 29
825 266 33 29
825 266 33 29
825 266 33 29
825 266 33 29
826 266 33 29
826 267 33 29
826 266 33 29
826 267 33 29
826 266 33 29
827 267 33 29
827 266 33 29
827 266 33 29
827 266 33 29
827 266 33 29
827 266 33 29
827 265 33 29
828 266 33 29
828 265 33 29
828 266 33 29
828 265 33 29
829 265 33 29
828 265 33 29
829 265 33 29
829 265 33 29
829 265 33 29
829 265 33 29
829 264 33 29
830 265 33 29
829 264 33 29
830 264 33 29
830 264 33 29
830 265 33 29
830 264 33 29
831 264 33 29
830 264 33 29
831 263 33 29
831 264 33 29
832 264 33 29
832 263 33 29
832 264 33 29
832 264 33 29
832 263 33 29
832 264 33 29
833 264 33 29
832 263 33 29
833 264 33 29
833 264 33 29
833 263 33 29
834 264 33 29
834 264 33 29
834 264 33 29
834 265 33 29
834 264 33 29
835 265 33 29
834 265 33 29
835 264 33 29
835 265 33 29
836 266 33 29
836 265 33 29
835 266 33 29
836 265 33 29
837 266 33 29
837 266 33 29
837 266 33 29
837 266 33 29
837 266 33 29
838 266 33 29
838 267 33 29
838 266 33 29
839 267 33 29
839 266 33 29
839 267 33 29
840 267 33 29
840 267 33 29
840 267 33 29
840 267 33 29
841 267 33 29
841 267 33 29
841 267 33 29
841 267 33 29
841 267 33 29
842 267 33 29
842 266 33 29
842 267 33 29
842 266 33 29
842 267 33 29
843 266 33 29
843 267 33 29
842 266 33 29
843 266 33 29
843 266 33 29
843 266 33 29
843 266 33 29
843 266 33 29
843 266 33 29
843 265 33 29
843 266 33 29
842 265 33 29
843 265 33 29
843 265 33 29
843 265 33 29
843 265 33 29
842 265 33 29
843 265 33 29
842 265 33 29
842 264 33 29
842 264 33 29
842 264 33 29
842 264 33 29
841 264 33 29
842 264 33 29
841 264 33 29
841 263 33 29
842 263 33 29
841 263 33 29
841 263 33 29
841 263 33 29
841 263 33 29
841 262 33 29
841 263 33 29
841 262 33 29
841 262 33 29
841 262 33 29
841 262 33 29
840 262 33 29
841 262 33 29
841 262 33 29
841 262 33 29
841 263 33 29
840 262 33 29
841 262 33 29
841 262 33 29
841 262 33 29
841 262 33 29
841 263 33 29
841 262 33 29
841 263 33 29
841 263 33 29
842 263 33 29
841 263 33 29
842 263 33 29
842 263 33 29
842 264 33 29
842 264 33 29
842 264 33 29
842 264 33 29
843 264 33 29
842 265 33 29
843 265 33 29
843 265 33 29
843 265 33 29
844 265 33 29
844 266 33 29
844 266 33 29
844 266 33 29
844 266 33 29
844 266 33 29
845 266 33 29
844 266 33 29
845 267 33 29
846 266 33 29
845 267 33 29
846 266 33 29
846 267 33 29
846 267 33 29
846 266 33 29
847 267 33 29
847 267 33 29
847 267 33 29
847 267 33 29
847 267 33 29
848 267 33 29
848 267 33 29
848 267 33 29
848 267 33 29
848 267 33 29
849 267 33 29
849 267 33 29
849 267 33 29
849 268 33 29
850 267 33 29
849 268 33 29
850 267 33 29
850 268 33 29
850 268 33 29
850 268 33 29
850 267 33 29
850 268 33 29
850 268 33 29
850 268 33 29
850 268 33 29
850 268 33 29
850 269 33 29
850 268 33 29
850 269 33 29
849 269 33 29
849 268 33 29
849 269 33 29
848 269 33 29
848 269 33 29
847 269 33 29
847 268 33 29
847 269 33 29
846 269 33 29
845 269 33 29
845 269 33 29
844 269 33 29
844 269 33 29
843 269 33 29
843 269 33 29
842 269 33 29
841 269 33 29
841 268 33 29
840 269 33 29
840 269 33 29
839 269 33 29
839 269 33 29
838 269 33 29
838 269 33 29
837 269 33 29
837 269 33 29
837 269 33 29
837 269 33 29
837 268 33 29
837 269 33 29
838 268 33 29
837 268 33 29
838 269 33 29
838 269 33 29
841 269 33 29
841 268 33 29
843 269 33 29
843 268 33 29
844 269 33 29
844 268 33 29
845 268 33 29
845 269 33 29
847 268 33 29
848 268 33 29
849 268 33 29
849 268 33 29
850 267 33 29
850 267 33 29
851 267 33 29
851 266 33 29
851 265 33 29
851 265 33 29
851 264 33 29
850 264 33 29
850 263 33 29
850 262 33 29
849 262 33 29
849 261 33 29
848 261 31 27
846 259 33 29
846 259 33 29
845 258 33 29
843 257 33 29
843 257 33 29
841 257 31 27
839 255 33 29
839 255 33 29
836 254 33 29
834 253 33 29
832 253 33 29
831 253 33 29
829 253 33 29
827 252 31 27
826 252 31 27
824 251 31 27
822 250 31 27
820 251 31 27
819 251 31 27
817 252 31 27
815 252 31 27
814 251 33 29
812 251 33 29
811 252 33 29
811 252 33 29
810 252 33 29
809 253 33 29
808 252 33 29
807 252 33 29
807 253 33 29
806 253 33 29
806 253 33 29
806 253 33 29
806 252 33 29
806 252 33 29
805 253 33 29
805 252 33 29
805 253 33 29
804 253 33 29
803 252 33 29
803 253 33 29
803 253 33 29
802 253 33 29
802 253 33 29
802 253 33 29
801 253 33 29
801 253 33 29
800 254 33 29
800 254 33 29
799 254 33 29
800 254 33 29
799 254 33 29
798 255 33 29
798 255 33 29
798 255 33 29
797 256 33 29
797 256 33 29
797 256 33 29
797 256 33 29
796 257 33 29
795 257 33 29
794 258 33 29
794 258 33 29
792 258 33 29
792 260 33 29
792 260 33 29
791 260 33 29
790 261 33 29
790 261 33 29
789 261 33 29
788 261 33 29
788 261 33 29
787 261 33 29
786 261 33 29
786 261 33 29
786 261 33 29
785 261 33 29
785 261 33 29
785 261 33 29
784 261 33 29
784 261 33 29
784 261 33 29
784 261 33 29
783 260 33 29
783 260 33 29
783 261 33 29
783 260 33 29
783 260 33 29
783 260 33 29
784 259 33 29
783 260 33 29
784 259 33 29
784 259 33 29
784 259 33 29
785 260 33 29
785 259 33 29
785 259 33 29
786 259 33 29
787 259 33 29
787 259 33 29
787 260 33 29
788 259 33 29
789 259 33 29
789 260 33 29
789 259 33 29
790 260 33 29
791 259 33 29
791 260 33 29
792 259 33 29
792 260 33 29
792 259 33 29
792 260 33 29
793 259 33 29
792 259 33 29
793 259 33 29
793 259 33 29
793 259 33 29
792 259 33 29
793 258 33 29
792 259 33 29
792 258 33 29
791 259 33 29
791 259 33 29
791 258 33 29
790 259 33 29
790 259 33 29
790 259 33 29
789 258 33 29
789 258 33 29
789 257 33 29
788 257 33 29
788 256 33 29
787 256 33 29
787 255 33 29
786 255 33 29
786 254 33 29
785 254 33 29
784 254 33 29
784 253 33 29
783 252 33 29
783 252 33 29
781 251 33 29
781 251 33 29
781 250 33 29
780 249 33 29
779 248 33 29
779 247 33 29
778 247 33 29
778 247 33 29
776 245 33 29
776 245 33 29
776 244 33 29
775 243 33 29
774 243 33 29
773 242 33 29
772 242 33 29
772 240 33 29
771 240 33 29
770 240 33 29
770 239 33 29
770 238 33 29
769 238 33 29
769 237 33 29
769 237 33 29
769 237 33 29
768 236 33 29
769 236 33 29
768 236 33 29
770 236 31 27
769 235 33 29
769 235 33 29
769 235 33 29
769 234 33 29
769 234 33 29
770 234 33 29
769 234 33 29
770 234 33 29
771 234 33 29
771 234 33 29
772 234 33 29
772 234 33 29
773 235 33 29
773 234 33 29
773 234 33 29
773 234 33 29
773 235 33 29
775 235 33 29
775 235 33 29
775 236 33 29
776 236 33 29
777 237 33 29
778 236 33 29
778 238 33 29
779 237 33 29
779 238 33 29
780 238 33 29
781 239 33 29
781 239 33 29
783 240 33 29
783 240 33 29
783 241 33 29
784 241 33 29
784 242 33 29
785 242 33 29
784 243 33 29
785 243 33 29
786 244 33 29
786 245 33 29
786 246 33 29
786 246 33 29
786 247 33 29
787 248 33 29
787 250 33 29
787 250 33 29
787 250 33 29
787 251 33 29
787 251 33 29
788 252 33 29
788 253 33 29
788 253 33 29
788 253 33 29
788 254 33 29
788 255 33 29
788 255 33 29
789 255 33 29
789 256 33 29
789 256 33 29
789 257 33 29
789 257 33 29
789 257 33 29
789 258 33 29
790 258 33 29
789 258 33 29
790 259 33 29
790 259 33 29
790 260 33 29
790 260 33 29
791 260 33 29
790 260 33 29
791 260 33 29
791 261 33 29
791 261 33 29
790 261 33 29
791 261 33 29
791 262 33 29
792 261 33 29
791 262 33 29
792 262 33 29
792 263 33 29
792 262 33 29
792 263 33 29
792 263 33 29
792 263 33 29
792 264 33 29
792 264 33 29
792 264 33 29
792 264 33 29
792 264 33 29
792 265 33 29
793 265 33 29
793 265 33 29
792 265 33 29
793 266 33 29
793 266 33 29
793 267 33 29
793 266 33 29
793 267 33 29
793 268 33 29
793 268 33 29
793 268 33 29
793 269 33 29
793 270 33 29
793 270 33 29
793 270 33 29
793 271 33 29
793 271 33 29
793 272 33 29
793 272 33 29
793 273 33 29
793 273 33 29
793 274 33 29
793 274 33 29
793 275 33 29
793 275 33 29
793 275 33 29
793 276 33 29
793 276 33 29
793 277 33 29
793 277 33 29
793 278 33 29
792 278 33 29
793 278 33 29
792 280 33 29
793 279 33 29
792 280 33 29
792 281 33 29
792 281 33 29
792 282 33 29
792 282 33 29
792 282 33 29
792 282 33 29
791 283 33 29
792 283 33 29
791 283 33 29
791 283 33 29
792 283 33 29
791 283 33 29
792 283 33 29
792 283 33 29
792 283 33 29
792 282 33 29
792 282 33 29
792 281 33 29
792 282 33 29
792 281 33 29
793 280 33 29
793 280 33 29
793 280 33 29
793 279 33 29
793 279 33 29
793 279 33 29
794 278 33 29
794 277 33 29
794 278 33 29
794 277 33 29
794 276 33 29
795 276 33 29
795 276 33 29
795 275 33 29
796 275 33 29
796 275 33 29
796 275 33 29
796 274 33 29
796 275 33 29
797 274 33 29
797 274 33 29
799 274 33 29
800 274 33 29
800 274 33 29
801 274 33 29
801 274 33 29
801 273 33 29
802 274 33 29
802 274 33 29
802 273 33 29
803 274 33 29
803 273 33 29
804 274 33 29
804 274 33 29
805 274 33 29
805 274 33 29
805 274 33 29
806 274 33 29
807 274 33 29
807 274 33 29
808 274 33 29
808 275 33 29
808 274 33 29
809 274 33 29
809 274 33 29
809 274 33 29
809 274 33 29
810 274 33 29
811 274 33 29
811 274 33 29
811 273 33 29
811 274 33 29
811 274 33 29
812 273 33 29
812 273 33 29
812 274 33 29
812 273 33 29
812 273 33 29
812 273 33 29
812 273 33 29
812 273 33 29
811 273 33 29
811 273 33 29
811 273 33 29
810 272 33 29
810 273 33 29
810 273 33 29
810 272 33 29
809 273 33 29
809 272 33 29
809 273 33 29
808 272 33 29
808 272 33 29
807 273 33 29
807 272 33 29
807 272 33 29
807 273 33 29
806 272 33 29
805 272 33 29
806 272 33 29
805 272 33 29
804 272 33 29
804 272 33 29
804 271 33 29
803 272 33 29
803 271 33 29
803 271 33 29
802 271 33 29
801 270 33 29
801 270 33 29
800 270 33 29
800 270 33 29
799 269 33 29
799 269 33 29
798 269 33 29
798 269 33 29
797 268 33 29
796 268 33 29
795 267 33 29
795 267 33 29
794 266 33 29
794 266 33 29
792 266 33 29
792 266 33 29
792 265 33 29
790 264 33 29
789 264 33 29
789 264 33 29
788 263 33 29
787 263 33 29
787 263 33 29
785 263 31 27
784 262 33 29
784 262 33 29
784 260 33 29
782 260 33 29
781 260 33 29
781 260 33 29
781 259 33 29
780 258 33 29
779 258 33 29
778 256 33 29
778 256 33 29
778 256 33 29
777 255 33 29
777 255 33 29
777 254 33 29
775 254 33 29
775 252 33 29
775 252 33 29
774 251 33 29
773 251 33 29
772 249 33 29
771 249 33 29
771 248 33 29
770 247 33 29
769 247 33 29
768 245 33 29
768 245 33 29
767 244 33 29
767 243 33 29
766 243 33 29
765 242 33 29
765 242 33 29
764 241 33 29
763 241 33 29
762 239 33 29
761 239 33 29
760 239 33 29
760 238 33 29
759 238 33 29
758 237 33 29
757 237 33 29
757 236 33 29
756 237 33 29
756 236 33 29
756 235 33 29
754 236 33 29
755 235 33 29
754 235 33 29
754 235 33 29
753 234 33 29
753 235 33 29
753 235 33 29
752 235 33 29
752 235 33 29
751 235 33 29
752 236 33 29
752 236 33 29
753 236 33 29
752 237 33 29
753 237 33 29
752 238 33 29
752 238 33 29
752 239 33 29
751 239 33 29
752 240 33 29
752 241 33 29
752 241 33 29
753 241 33 29
753 242 33 29
753 243 33 29
753 243 33 29
753 244 33 29
754 244 33 29
754 245 33 29
755 246 33 29
755 246 33 29
756 247 33 29
756 247 33 29
757 247 33 29
758 249 33 29
758 248 33 29
761 250 31 27
761 250 31 27
760 250 33 29
761 251 33 29
762 251 33 29
763 252 33 29
763 253 33 29
765 253 33 29
765 253 33 29
767 254 33 29
767 254 33 29
768 255 33 29
769 255 33 29
769 256 33 29
770 256 33 29
771 257 33 29
772 257 33 29
772 257 33 29
773 257 33 29
773 257 33 29
774 257 33 29
774 258 33 29
776 257 33 29
776 257 33 29
776 258 33 29
776 257 33 29
777 257 33 29
778 257 33 29
778 257 33 29
779 257 33 29
778 257 33 29
779 256 33 29
779 256 33 29
779 256 33 29
779 256 33 29
779 255 33 29
780 256 33 29
779 255 33 29
779 255 33 29
779 255 33 29
779 254 33 29
779 255 33 29
779 254 33 29
779 254 33 29
779 254 33 29
779 254 33 29
779 254 33 29
778 253 33 29
778 254 33 29
779 253 33 29
778 253 33 29
778 253 33 29
778 253 33 29
778 254 33 29
778 253 33 29
777 253 33 29
778 253 33 29
778 253 33 29
777 253 33 29
778 254 33 29
778 253 33 29
777 254 33 29
778 254 33 29
778 254 33 29
778 254 33 29
778 254 33 29
778 254 33 29
779 255 33 29
779 255 33 29
779 255 33 29
779 256 33 29
780 256 33 29
780 256 33 29
780 256 33 29
781 256 33 29
781 257 33 29
781 257 33 29
782 258 33 29
782 258 33 29
782 258 33 29
783 259 33 29
783 259 33 29
784 259 33 29
783 260 33 29
784 260 33 29
784 260 33 29
784 261 33 29
785 261 33 29
785 262 33 29
785 261 33 29
786 262 33 29
786 263 33 29
786 263 33 29
786 263 33 29
786 263 33 29
785 263 33 29
786 264 33 29
786 264 33 29
786 265 33 29
786 265 33 29
787 265 33 29
786 265 33 29
786 267 33 29
786 266 33 29
786 267 33 29
786 267 33 29
787 267 33 29
786 267 33 29
786 267 33 29
786 268 33 29
785 267 33 29
785 268 33 29
785 267 33 29
786 268 33 29
785 267 33 29
785 268 33 29
785 268 33 29
784 268 33 29
784 268 33 29
783 269 33 29
783 268 33 29
783 269 33 29
783 269 33 29
783 269 33 29
782 270 33 29
782 270 33 29
781 270 33 29
782 270 33 29
781 271 33 29
781 270 33 29
781 271 33 29
781 272 33 29
781 271 33 29
781 272 33 29
781 272 33 29
781 272 33 29
781 272 33 29
781 273 33 29
781 273 33 29
781 273 33 29
782 273 33 29
781 273 33 29
782 274 33 29
782 274 33 29
782 274 33 29
782 274 33 29
783 274 33 29
783 275 33 29
783 275 33 29
783 275 33 29
784 275 33 29
784 275 33 29
784 275 33 29
784 276 33 29
784 276 33 29
785 276 33 29
785 276 33 29
786 276 33 29
785 276 33 29
786 276 33 29
786 276 33 29
787 276 33 29
786 277 33 29
787 277 33 29
787 277 33 29
787 277 33 29
787 278 33 29
787 277 33 29
788 278 33 29
788 279 33 29
787 279 33 29
788 279 33 29
787 279 33 29
788 280 33 29
788 280 33 29
788 281 33 29
788 281 33 29
788 282 33 29
788 282 33 29
788 283 33 29
788 283 33 29
788 284 33 29
788 284 33 29
788 285 33 29
788 285 33 29
788 287 33 29
788 287 33 29
788 287 33 29
788 288 33 29
788 288 33 29
788 289 33 29
788 290 33 29
788 291 33 29
788 291 33 29
788 291 33 29
788 292 33 29
789 293 33 29
788 293 33 29
788 294 33 29
788 294 33 29
789 295 33 29
788 296 33 29
789 296 33 29
789 296 33 29
788 298 33 29
789 298 33 29
789 298 33 29
789 299 33 29
789 299 33 29
789 300 33 29
790 300 33 29
789 301 33 29
790 301 33 29
789 302 33 29
790 302 33 29
790 303 33 29
790 303 33 29
790 303 33 29
790 304 33 29
790 304 33 29
790 304 33 29
790 305 33 29
790 305 33 29
791 305 33 29
790 306 33 29
791 306 33 29
790 307 33 29
790 307 33 29
791 307 33 29
790 307 33 29
791 307 33 29
790 308 33 29
791 308 33 29
791 308 33 29
791 308 33 29
791 308 33 29
791 309 33 29
791 308 33 29
791 309 33 29
791 309 33 29
792 309 33 29
792 309 33 29
791 309 33 29
792 308 33 29
792 309 33 29
793 308 33 29
793 309 33 29
793 308 33 29
793 308 33 29
793 308 33 29
794 308 33 29
794 308 33 29
794 307 33 29
795 307 33 29
795 306 33 29
795 307 33 29
794 306 33 29
795 306 33 29
795 305 33 29
795 306 33 29
796 305 33 29
797 304 33 29
796 305 33 29
796 304 33 29
796 304 33 29
796 304 33 29
797 303 33 29
796 304 33 29
797 303 33 29
796 304 33 29
796 303 33 29
796 302 33 29
796 303 33 29
796 303 33 29
796 302 33 29
796 302 33 29
796 303 33 29
795 302 33 29
795 302 33 29
795 302 33 29
795 302 33 29
795 302 33 29
794 301 33 29
794 302 33 29
794 301 33 29
793 301 33 29
793 301 33 29
793 301 33 29
793 301 33 29
792 301 33 29
792 301 33 29
792 300 33 29
791 300 33 29
791 300 33 29
791 300 33 29
790 300 33 29
790 299 33 29
790 299 33 29
790 299 33 29
789 298 33 29
789 299 33 29
789 298 33 29
788 298 33 29
788 298 33 29
787 297 33 29
788 297 33 29
787 297 33 29
787 296 33 29
787 296 33 29
787 296 33 29
786 295 33 29
786 295 33 29
786 294 33 29
786 294 33 29
786 294 33 29
786 293 33 29
786 294 33 29
785 293 33 29
786 292 33 29
785 293 33 29
785 292 33 29
786 292 33 29
785 293 33 29
785 292 33 29
786 291 33 29
785 292 33 29
786 292 33 29
786 291 33 29
786 292 33 29
785 291 33 29
786 291 33 29
786 292 33 29
786 291 33 29
787 291 33 29
787 291 33 29
787 291 33 29
787 291 33 29
787 291 33 29
788 292 33 29
788 291 33 29
788 292 33 29
789 291 33 29
789 291 33 29
789 292 33 29
789 291 33 29
789 292 33 29
789 292 33 29
789 292 33 29
789 292 33 29
789 292 33 29
789 292 33 29
789 292 33 29
790 293 33 29
789 292 33 29
789 293 33 29
789 292 33 29
790 293 33 29
789 293 33 29
789 292 33 29
789 293 33 29
789 292 33 29
788 293 33 29
789 292 33 29
788 293 33 29
788 292 33 29
788 292 33 29
788 292 33 29
787 292 33 29
788 292 33 29
787 291 33 29
787 292 33 29
787 291 33 29
787 291 33 29
787 291 33 29
787 291 33 29
786 291 33 29
786 291 33 29
787 290 33 29
786 291 33 29
786 290 33 29
786 290 33 29
786 290 33 29
786 291 33 29
786 290 33 29
786 290 33 29
786 291 33 29
786 290 33 29
786 290 33 29
787 290 33 29
786 291 33 29
787 290 33 29
787 291 33 29
787 290 33 29
788 291 33 29
787 291 33 29
788 291 33 29
788 291 33 29
788 291 33 29
788 291 33 29
789 292 33 29
789 292 33 29
789 292 33 29
789 293 33 29
789 293 33 29
790 293 33 29
790 294 33 29
790 294 33 29
790 294 33 29
791 295 33 29
790 296 33 29
791 296 33 29
791 296 33 29
790 297 33 29
791 297 33 29
792 298 33 29
791 298 33 29
791 299 33 29
792 299 33 29
792 299 33 29
792 300 33 29
792 300 33 29
792 301 33 29
792 301 33 29
793 302 33 29
792 302 33 29
792 302 33 29
792 302 33 29
792 302 33 29
792 303 33 29
792 303 33 29
792 303 33 29
792 303 33 29
792 303 33 29
792 304 33 29
792 303 33 29
792 303 33 29
791 303 33 29
791 303 33 29
791 303 33 29
791 303 33 29
791 302 33 29
791 302 33 29
791 302 33 29
791 302 33 29
791 301 33 29
790 301 33 29
790 301 33 29
790 300 33 29
790 300 33 29
789 300 33 29
789 299 33 29
789 299 33 29
789 299 33 29
789 299 33 29
788 298 33 29
788 298 33 29
788 298 33 29
788 298 33 29
788 298 33 29
787 298 33 29
787 297 33 29
787 297 33 29
787 297 33 29
787 297 33 29
786 298 33 29
786 297 33 29
786 297 33 29
786 297 33 29
786 297 33 29
786 298 33 29
785 297 33 29
785 298 33 29
785 298 33 29
785 298 33 29
785 298 33 29
784 299 33 29
785 299 33 29
784 300 33 29
784 299 33 29
784 300 33 29
784 301 33 29
785 301 33 29
784 301 33 29
784 301 33 29
784 302 33 29
784 303 33 29
784 303 33 29
784 303 33 29
784 304 33 29
784 305 33 29
784 305 33 29
784 306 33 29
784 306 33 29
784 306 33 29
784 308 33 29
785 307 33 29
784 308 33 29
784 309 33 29
784 309 33 29
785 310 33 29
784 310 33 29
785 310 33 29
785 311 31 27
785 311 33 29
784 311 33 29
785 312 33 29
785 313 33 29
785 313 33 29
785 313 33 29
785 313 33 29
785 313 33 29
785 314 33 29
785 314 33 29
786 315 33 29
785 314 33 29
786 315 33 29
786 315 33 29
785 315 33 29
785 315 33 29
786 315 33 29
785 315 33 29
785 315 33 29
785 316 33 29
785 316 33 29
785 315 33 29
785 316 33 29
784 316 33 29
784 316 33 29
784 316 33 29
784 316 33 29
782 316 33 29
783 316 33 29
782 316 33 29
782 316 33 29
781 316 33 29
781 315 33 29
781 316 33 29
780 316 33 29
779 316 33 29
779 316 33 29
778 316 33 29
778 316 33 29
778 316 33 29
777 317 33 29
776 316 33 29
776 316 33 29
775 317 33 29
775 317 33 29
775 317 33 29
774 317 33 29
773 317 33 29
774 318 33 29
773 319 33 29
772 318 33 29
772 319 33 29
772 320 33 29
771 320 33 29
771 320 33 29
771 320 33 29
771 321 33 29
770 322 33 29
770 322 33 29
769 323 33 29
770 324 33 29
769 324 33 29
769 325 33 29
769 325 33 29
769 327 33 29
769 327 33 29
768 327 33 29
769 329 33 29
768 329 33 29
768 330 33 29
768 331 33 29
768 331 33 29
768 333 33 29
768 333 33 29
768 334 33 29
768 334 33 29
767 335 33 29
768 336 33 29
768 336 33 29
767 337 33 29
768 337 33 29
767 339 33 29
767 339 33 29
767 339 33 29
767 340 33 29
767 341 33 29
767 341 33 29
767 342 33 29
766 342 33 29
766 342 33 29
766 343 33 29
766 344 33 29
766 344 33 29
766 345 33 29
766 345 33 29
766 346 33 29
765 347 33 29
765 346 33 29
765 348 33 29
765 348 33 29
765 348 33 29
765 349 33 29
764 349 33 29
764 350 33 29
764 350 33 29
764 350 33 29
764 351 33 29
764 351 33 29
763 351 33 29
764 351 33 29
763 352 33 29
763 353 33 29
763 353 33 29
763 352 33 29
763 353 33 29
763 353 33 29
763 354 33 29
762 354 33 29
762 354 33 29
762 354 33 29
762 354 33 29
762 354 33 29
762 355 33 29
762 354 33 29
762 355 33 29
762 355 33 29
761 356 33 29
761 355 33 29
761 356 33 29
761 356 33 29
760 356 33 29
761 357 33 29
760 357 33 29
760 356 33 29
760 358 33 29
759 357 33 29
760 358 33 29
759 359 33 29
759 358 33 29
759 359 33 29
759 359 33 29
758 359 33 29
759 360 33 29
758 360 33 29
758 360 33 29
758 361 33 29
758 361 33 29
759 362 33 29
758 362 33 29
758 362 33 29
758 362 33 29
758 362 33 29
758 363 33 29
758 363 33 29
758 363 33 29
758 363 33 29
759 363 33 29
758 364 33 29
759 364 33 29
759 364 33 29
758 364 33 29
759 364 33 29
759 364 33 29
759 364 33 29
760 364 33 29
760 364 33 29
760 364 33 29
760 364 33 29
760 364 33 29
761 363 33 29
761 363 33 29
762 363 33 29
762 363 33 29
762 362 33 29
763 361 33 29
765 361 31 27
764 358 33 29
764 354 33 29
765 351 33 29
766 345 33 29
766 344 33 29
