751 314 25 24
750 314 25 24
751 315 23 22
752 315 23 22
752 315 23 22
752 316 23 22
752 315 23 22
752 317 23 22
752 317 23 22
752 317 23 22
753 316 23 22
753 318 23 22
753 317 23 22
753 318 23 22
754 318 23 22
754 318 23 22
754 319 23 22
754 319 23 22
755 319 23 22
755 319 23 22
754 319 25 24
755 319 25 24
755 320 25 24
755 320 25 24
755 321 25 24
756 320 25 24
756 322 25 24
756 321 25 24
756 321 25 24
757 322 23 22
758 322 23 22
758 322 23 22
758 323 23 22
758 322 23 22
758 322 25 24
758 322 25 24
759 323 23 22
760 323 23 22
759 323 23 22
760 323 23 22
760 323 23 22
761 323 23 22
760 323 23 22
761 323 23 22
761 323 23 22
761 323 23 22
762 323 23 22
762 322 23 22
762 322 23 22
762 322 23 22
762 322 23 22
762 322 23 22
762 322 23 22
762 320 23 22
762 321 23 22
762 320 23 22
763 320 23 22
763 319 23 22
762 319 25 24
761 318 25 24
761 318 25 24
762 318 25 24
762 318 23 22
761 317 25 24
761 317 25 24
761 316 25 24
761 316 25 24
761 315 25 24
760 315 25 24
761 315 25 24
760 314 25 24
760 314 25 24
760 314 25 24
760 313 25 24
760 313 25 24
759 313 25 24
760 312 25 24
760 312 23 22
760 313 23 22
760 313 23 22
759 312 25 24
759 312 25 24
759 312 25 24
759 311 25 24
758 312 25 24
759 312 25 24
759 312 25 24
759 312 25 24
759 311 25 24
759 312 25 24
759 312 25 24
758 312 25 24
759 312 25 24
759 312 25 24
759 312 25 24
759 313 25 24
759 312 25 24
759 313 25 24
760 313 25 24
759 314 25 24
760 314 23 22
761 315 23 22
761 314 23 22
761 315 23 22
761 315 23 22
762 315 23 22
761 315 23 22
762 315 23 22
762 315 23 22
761 314 25 24
762 314 25 24
761 315 25 24
762 314 25 24
762 314 25 24
762 314 25 24
761 314 25 24
762 313 25 24
762 314 25 24
762 313 25 24
762 313 25 24
762 313 25 24
762 313 25 24
761 312 25 24
762 312 25 24
761 312 25 24
761 312 25 24
761 311 25 24
761 310 25 24
761 311 25 24
761 310 25 24
760 310 25 24
760 309 25 24
760 309 25 24
760 309 25 24
759 309 25 24
759 308 25 24
759 309 25 24
759 308 25 24
759 308 25 24
758 307 25 24
758 307 25 24
758 307 25 24
758 307 25 24
758 307 25 24
757 307 25 24
757 307 25 24
757 307 25 24
757 307 25 24
756 306 25 24
757 307 25 24
757 308 23 22
757 307 23 22
757 307 23 22
757 307 23 22
757 307 23 22
757 307 23 22
757 308 23 22
757 307 23 22
757 308 23 22
757 308 23 22
757 308 23 22
757 308 23 22
757 309 23 22
757 309 23 22
758 309 23 22
758 309 23 22
758 309 23 22
758 309 23 22
757 309 25 24
757 310 25 24
758 309 25 24
758 311 23 22
757 310 25 24
758 311 25 24
757 311 25 24
758 311 25 24
758 311 25 24
757 311 25 24
758 312 23 22
759 312 23 22
758 312 23 22
759 313 23 22
759 313 23 22
759 312 23 22
758 312 25 24
759 313 25 24
759 313 25 24
758 313 25 24
759 313 25 24
759 313 25 24
759 314 25 24
759 313 25 24
759 314 25 24
759 313 25 24
759 314 25 24
760 314 25 24
759 314 25 24
760 313 25 24
760 314 25 24
760 314 25 24
760 314 25 24
761 314 25 24
761 314 25 24
761 313 25 24
761 314 25 24
761 313 25 24
762 314 25 24
762 313 25 24
762 313 25 24
762 314 25 24
762 313 25 24
763 313 25 24
763 313 25 24
763 313 25 24
764 313 23 22
765 313 23 22
764 313 23 22
764 312 25 24
765 313 23 22
765 312 25 24
766 312 25 24
766 311 25 24
766 312 25 24
767 311 25 24
766 311 25 24
767 312 23 22
768 311 23 22
768 312 23 22
768 311 23 22
768 310 25 24
769 311 25 24
768 311 25 24
769 312 23 22
769 311 25 24
769 310 25 24
770 311 25 24
770 311 25 24
770 310 25 24
769 311 25 24
770 311 23 22
770 311 23 22
771 312 23 22
771 311 23 22
770 311 25 24
771 311 25 24
770 311 25 24
770 311 25 24
770 312 25 24
770 311 25 24
770 311 25 24
770 312 25 24
770 312 25 24
769 312 25 24
770 312 25 24
769 312 25 24
770 312 25 24
769 312 25 24
769 313 25 24
769 312 25 24
768 313 25 24
769 312 25 24
768 313 25 24
768 313 25 24
768 313 25 24
768 313 25 24
768 313 25 24
767 313 25 24
768 313 25 24
767 313 25 24
767 313 25 24
767 313 25 24
767 313 25 24
767 313 25 24
766 313 25 24
767 312 25 24
767 313 25 24
766 312 25 24
767 313 25 24
767 312 25 24
766 313 25 24
767 312 25 24
767 313 25 24
767 312 25 24
767 312 25 24
767 312 25 24
767 312 25 24
767 312 25 24
767 312 25 24
768 312 25 24
768 312 25 24
768 311 25 24
768 312 25 24
768 311 25 24
768 311 25 24
769 311 25 24
769 311 25 24
769 311 25 24
769 311 25 24
769 311 25 24
770 311 25 24
770 311 25 24
771 310 25 24
770 311 25 24
771 311 23 22
772 311 23 22
772 311 23 22
771 310 25 24
772 310 25 24
772 310 25 24
773 310 25 24
772 310 25 24
773 310 25 24
773 310 25 24
773 310 25 24
773 309 25 24
774 310 25 24
773 310 25 24
774 309 25 24
773 310 25 24
775 310 23 22
774 310 25 24
774 309 25 24
775 310 25 24
775 309 25 24
774 309 25 24
775 310 25 24
775 309 25 24
775 309 25 24
775 309 25 24
775 310 25 24
776 309 25 24
776 309 25 24
775 309 25 24
776 309 25 24
776 310 25 24
776 309 25 24
776 309 25 24
776 309 25 24
776 309 25 24
777 309 25 24
776 309 25 24
777 309 25 24
777 309 25 24
776 309 25 24
777 309 25 24
777 310 25 24
778 309 25 24
777 309 25 24
778 309 25 24
778 309 25 24
777 309 25 24
778 310 25 24
779 309 25 24
778 309 25 24
779 310 25 24
778 309 25 24
779 310 23 22
779 309 25 24
779 309 25 24
780 310 25 24
780 309 25 24
780 309 25 24
780 309 25 24
781 309 25 24
781 309 25 24
781 309 25 24
781 310 25 24
782 310 23 22
783 310 23 22
783 309 23 22
783 310 23 22
783 310 23 22
783 310 23 22
784 309 23 22
783 309 25 24
783 309 25 24
783 309 25 24
783 308 25 24
784 309 25 24
784 309 25 24
784 308 25 24
784 309 25 24
785 308 25 24
784 308 25 24
785 308 25 24
785 308 25 24
784 308 25 24
785 308 25 24
785 308 25 24
785 307 25 24
786 308 25 24
786 308 23 22
786 308 23 22
785 308 23 22
785 307 25 24
785 307 25 24
785 306 25 24
785 307 25 24
785 306 25 24
785 306 25 24
785 307 25 24
785 306 25 24
786 306 25 24
785 305 25 24
785 306 25 24
785 305 25 24
785 306 25 24
785 305 25 24
785 305 25 24
784 305 25 24
785 306 25 24
786 306 23 22
786 305 23 22
786 305 23 22
785 305 25 24
785 304 25 24
784 305 25 24
785 304 25 24
784 304 25 24
784 305 25 24
785 304 25 24
784 304 25 24
784 304 25 24
784 304 25 24
784 303 25 24
784 304 25 24
784 304 25 24
784 304 25 24
784 304 25 24
784 303 25 24
784 304 25 24
784 304 25 24
784 304 25 24
784 303 25 24
784 304 25 24
783 303 25 24
784 303 25 24
784 304 25 24
783 303 25 24
784 304 25 24
783 303 25 24
784 304 25 24
783 303 25 24
784 303 25 24
783 304 25 24
784 303 25 24
783 304 25 24
783 303 25 24
783 304 25 24
783 303 25 24
783 303 25 24
783 303 25 24
783 304 25 24
783 303 25 24
782 303 25 24
783 303 25 24
782 302 25 24
782 302 25 24
782 303 25 24
782 302 25 24
781 301 25 24
782 302 25 24
782 302 23 22
782 302 23 22
781 301 25 24
780 300 25 24
780 300 25 24
781 299 25 24
781 300 23 22
780 299 25 24
779 298 25 24
780 298 25 24
779 298 25 24
778 297 25 24
779 297 25 24
778 297 25 24
778 296 25 24
777 296 25 24
778 295 25 24
776 296 25 24
777 296 23 22
777 295 23 22
776 294 25 24
776 294 25 24
775 293 25 24
774 294 25 24
774 292 25 24
774 293 25 24
774 292 25 24
772 291 25 24
772 291 25 24
772 291 25 24
772 291 25 24
772 291 23 22
771 290 23 22
771 291 23 22
770 290 23 22
769 289 23 22
769 289 23 22
768 289 23 22
768 289 23 22
768 287 23 22
767 287 25 24
767 287 23 22
766 287 23 22
765 286 23 22
765 287 23 22
765 287 23 22
763 286 23 22
764 286 23 22
763 286 23 22
763 285 23 22
762 284 25 24
761 284 25 24
761 283 25 24
761 283 25 24
760 283 25 24
761 283 25 24
761 283 23 22
760 283 23 22
760 282 23 22
760 282 23 22
760 282 23 22
761 282 23 22
761 282 23 22
761 282 23 22
760 281 25 24
761 280 25 24
761 281 25 24
761 280 25 24
761 280 25 24
762 280 25 24
762 279 25 24
763 280 25 24
763 279 25 24
764 279 25 24
764 279 25 24
765 279 25 24
765 279 25 24
766 279 25 24
766 278 25 24
767 279 23 22
767 278 25 24
769 278 25 24
768 278 25 24
768 277 25 24
769 278 23 22
769 277 25 24
771 278 25 24
771 277 25 24
771 277 25 24
772 277 25 24
772 277 25 24
774 278 23 22
774 278 23 22
775 279 23 22
775 278 23 22
774 278 25 24
775 278 25 24
774 279 25 24
774 278 25 24
775 279 25 24
774 278 25 24
774 279 25 24
773 279 25 24
774 279 25 24
774 278 25 24
773 279 25 24
773 279 25 24
773 278 25 24
773 279 25 24
773 279 25 24
773 279 25 24
773 279 25 24
772 278 25 24
773 279 23 22
772 279 25 24
772 279 25 24
771 278 25 24
771 279 25 24
771 279 25 24
771 279 25 24
771 279 25 24
770 279 25 24
770 279 25 24
770 279 25 24
770 279 25 24
770 279 25 24
769 280 25 24
769 279 25 24
768 280 25 24
768 280 25 24
768 280 25 24
768 280 25 24
767 280 25 24
767 280 25 24
767 281 25 24
766 281 25 24
767 281 25 24
765 281 25 24
766 282 25 24
765 281 25 24
766 282 25 24
764 282 25 24
765 283 25 24
764 283 25 24
764 283 25 24
764 283 25 24
764 284 25 24
763 284 25 24
763 284 25 24
763 284 25 24
762 285 25 24
763 285 25 24
762 285 25 24
761 286 25 24
761 286 25 24
762 287 25 24
762 287 23 22
761 287 25 24
760 287 25 24
761 288 25 24
761 289 23 22
760 289 23 22
759 289 23 22
760 290 23 22
759 290 25 24
759 289 25 24
759 290 23 22
759 290 25 24
758 290 25 24
758 290 25 24
758 291 25 24
758 291 25 24
757 291 25 24
758 291 25 24
758 292 23 22
758 293 23 22
757 292 25 24
757 292 25 24
757 293 25 24
757 293 25 24
757 293 25 24
757 293 25 24
756 293 25 24
757 293 25 24
757 293 25 24
756 294 25 24
757 293 25 24
756 294 25 24
756 293 25 24
757 293 25 24
756 294 25 24
756 293 25 24
757 293 25 24
756 293 25 24
756 294 25 24
756 293 25 24
756 293 25 24
756 293 25 24
756 293 25 24
755 293 25 24
755 293 25 24
756 293 25 24
755 293 25 24
755 293 25 24
755 293 25 24
755 293 25 24
755 293 25 24
755 293 25 24
755 293 25 24
755 293 25 24
754 293 25 24
755 293 25 24
754 293 25 24
754 293 25 24
754 292 25 24
754 293 25 24
754 293 25 24
754 293 25 24
754 293 25 24
753 292 25 24
754 293 25 24
753 293 25 24
754 293 25 24
753 293 25 24
753 293 25 24
753 292 25 24
753 293 25 24
753 292 25 24
753 293 25 24
753 292 25 24
752 292 25 24
753 292 25 24
753 292 25 24
753 292 25 24
753 292 25 24
753 292 25 24
754 292 25 24
753 292 25 24
754 291 25 24
754 292 25 24
753 291 25 24
754 291 25 24
754 291 25 24
754 292 25 24
754 291 25 24
755 291 25 24
754 291 25 24
755 291 25 24
755 291 25 24
755 291 25 24
755 291 25 24
755 291 25 24
755 290 25 24
755 291 25 24
755 291 25 24
755 291 25 24
756 291 25 24
755 291 25 24
756 291 25 24
756 291 25 24
757 291 25 24
757 291 25 24
757 291 25 24
757 292 25 24
758 291 25 24
758 291 25 24
758 292 25 24
758 291 25 24
758 291 25 24
758 292 25 24
759 292 25 24
758 291 25 24
759 292 25 24
759 292 25 24
759 292 25 24
759 291 25 24
759 292 25 24
758 292 25 24
759 292 25 24
759 292 25 24
759 291 25 24
759 292 25 24
759 292 25 24
759 292 25 24
760 292 25 24
759 292 25 24
759 292 25 24
759 292 25 24
760 292 25 24
759 292 25 24
759 292 25 24
759 293 25 24
759 292 25 24
759 292 25 24
759 292 25 24
758 292 25 24
759 292 25 24
758 292 25 24
758 292 25 24
758 291 25 24
758 292 25 24
758 291 25 24
757 291 25 24
758 291 25 24
757 291 25 24
757 291 25 24
757 290 25 24
756 290 25 24
757 290 25 24
756 290 25 24
756 289 25 24
756 289 25 24
756 288 25 24
755 288 25 24
756 288 25 24
756 288 23 22
755 288 23 22
755 287 23 22
755 287 23 22
755 286 23 22
755 286 23 22
754 286 23 22
754 285 23 22
753 284 25 24
753 284 25 24
753 283 25 24
752 283 25 24
752 282 25 24
751 282 25 24
751 282 25 24
751 282 25 24
751 281 25 24
750 280 25 24
750 280 25 24
749 280 25 24
749 280 25 24
749 279 25 24
748 279 25 24
748 278 25 24
748 279 25 24
747 278 25 24
747 278 25 24
747 278 25 24
747 277 25 24
746 277 25 24
747 277 25 24
746 277 25 24
746 277 25 24
745 277 25 24
745 277 25 24
745 277 25 24
745 277 25 24
745 276 25 24
745 277 25 24
744 277 25 24
744 277 25 24
745 277 25 24
744 277 25 24
744 277 25 24
743 277 25 24
744 278 25 24
744 277 25 24
744 277 25 24
743 278 25 24
743 278 25 24
744 278 25 24
743 278 25 24
743 279 25 24
743 278 25 24
743 279 25 24
743 278 25 24
743 279 25 24
743 279 25 24
743 280 25 24
742 279 25 24
743 280 25 24
742 280 25 24
743 280 25 24
742 280 25 24
743 281 25 24
741 280 26 25
742 280 26 25
742 280 26 25
741 280 26 25
742 281 26 25
742 280 26 25
741 280 26 25
742 280 26 25
742 280 26 25
742 280 26 25
742 280 26 25
741 280 26 25
742 281 26 25
742 280 26 25
741 281 26 25
742 280 26 25
742 281 26 25
742 281 26 25
742 281 26 25
742 281 26 25
742 282 26 25
742 281 26 25
742 281 26 25
742 281 26 25
742 282 26 25
742 281 26 25
742 282 26 25
742 281 26 25
742 281 26 25
741 281 26 25
742 281 26 25
742 281 26 25
742 281 26 25
742 281 26 25
742 281 26 25
742 281 26 25
742 281 26 25
742 281 26 25
742 282 26 25
741 281 27 26
741 281 27 26
741 280 27 26
741 281 27 26
741 280 27 26
741 281 27 26
741 280 27 26
741 280 27 26
741 280 27 26
741 280 27 26
741 280 27 26
741 280 27 26
741 279 27 26
741 280 27 26
741 279 27 26
741 279 27 26
741 279 27 26
741 279 27 26
741 279 27 26
741 279 27 26
742 279 27 26
742 279 27 26
743 280 26 25
742 280 26 25
742 280 26 25
742 279 26 25
742 279 26 25
742 280 26 25
742 279 26 25
742 279 26 25
742 280 26 25
743 279 26 25
743 280 26 25
743 279 26 25
743 280 26 25
743 279 26 25
743 280 26 25
743 279 26 25
743 280 26 25
743 279 26 25
743 280 26 25
743 279 26 25
743 280 26 25
743 280 26 25
743 280 26 25
744 280 26 25
744 280 26 25
744 279 26 25
744 279 26 25
744 279 26 25
744 279 26 25
744 279 26 25
744 279 26 25
744 279 26 25
744 280 26 25
745 279 26 25
745 280 26 25
745 279 26 25
745 279 26 25
745 279 26 25
745 280 26 25
744 280 26 25
745 280 26 25
745 281 26 25
745 281 26 25
745 281 26 25
745 281 26 25
745 281 26 25
745 282 26 25
745 282 26 25
745 282 26 25
745 282 26 25
745 282 26 25
745 282 26 25
745 282 26 25
745 282 26 25
745 283 26 25
745 282 26 25
745 283 26 25
745 283 26 25
745 283 26 25
745 283 26 25
745 283 26 25
745 283 26 25
746 283 26 25
746 283 26 25
746 282 26 25
746 282 26 25
746 282 26 25
746 282 26 25
745 282 26 25
746 282 26 25
746 282 26 25
745 281 27 26
745 280 27 26
746 280 27 26
746 280 27 26
746 279 27 26
746 279 27 26
746 278 27 26
746 278 27 26
746 277 27 26
747 277 27 26
747 277 27 26
747 276 27 26
747 276 27 26
747 275 27 26
747 275 27 26
748 274 27 26
748 274 27 26
749 274 26 25
749 274 26 25
750 273 26 25
750 273 26 25
750 272 26 25
751 272 26 25
751 271 26 25
752 272 26 25
752 271 26 25
752 270 26 25
752 271 26 25
752 269 27 26
752 270 26 25
753 269 26 25
753 269 26 25
753 268 26 25
753 268 26 25
753 268 26 25
753 268 26 25
753 268 26 25
753 267 26 25
754 267 26 25
754 268 26 25
754 267 26 25
754 267 26 25
754 267 26 25
753 267 27 26
754 266 27 26
754 265 27 26
754 265 27 26
754 266 27 26
754 266 27 26
754 265 27 26
753 266 27 26
754 265 27 26
754 265 27 26
754 265 27 26
754 266 27 26
754 266 27 26
754 265 27 26
754 265 27 26
753 266 27 26
754 266 27 26
754 266 27 26
754 266 27 26
754 266 27 26
754 266 27 26
754 266 27 26
753 267 27 26
753 267 27 26
753 267 27 26
754 267 27 26
754 267 27 26
753 267 27 26
754 267 27 26
754 268 27 26
753 268 27 26
753 268 27 26
754 269 27 26
754 269 27 26
753 269 27 26
753 270 27 26
754 269 27 26
754 270 27 26
754 270 27 26
754 270 27 26
754 271 27 26
754 271 27 26
754 271 27 26
754 271 27 26
755 272 27 26
755 271 27 26
755 271 27 26
755 272 27 26
755 272 27 26
756 272 27 26
756 272 27 26
756 272 27 26
757 273 27 26
756 273 27 26
757 273 27 26
757 273 27 26
758 273 27 26
758 273 27 26
758 273 27 26
758 273 27 26
759 273 27 26
759 273 27 26
759 274 27 26
760 273 27 26
760 274 27 26
760 273 27 26
760 273 27 26
761 274 27 26
760 273 27 26
761 273 27 26
761 274 27 26
761 274 27 26
761 274 27 26
761 273 27 26
761 273 27 26
761 273 27 26
761 274 27 26
761 274 27 26
762 273 27 26
761 273 27 26
762 274 27 26
762 273 27 26
761 273 27 26
761 274 27 26
762 273 27 26
762 273 27 26
761 273 27 26
761 273 27 26
761 273 27 26
761 273 27 26
761 273 27 26
761 273 27 26
760 273 27 26
760 273 27 26
760 273 27 26
760 272 27 26
760 272 27 26
760 273 27 26
760 273 27 26
759 272 27 26
759 272 27 26
759 272 27 26
758 273 27 26
759 273 27 26
759 273 27 26
758 273 27 26
758 274 27 26
758 273 27 26
758 274 27 26
758 274 27 26
756 274 27 26
757 274 27 26
757 274 27 26
756 275 27 26
756 275 27 26
756 275 27 26
756 275 27 26
756 276 27 26
756 275 27 26
755 275 27 26
755 276 27 26
755 276 27 26
755 276 27 26
755 277 27 26
755 276 27 26
755 277 27 26
755 276 27 26
755 277 27 26
755 277 27 26
755 276 27 26
755 276 27 26
755 277 27 26
755 276 27 26
755 277 27 26
755 276 27 26
755 276 27 26
755 276 27 26
755 276 27 26
755 276 27 26
755 276 27 26
756 276 27 26
756 276 27 26
756 276 27 26
756 275 27 26
755 275 27 26
755 275 27 26
755 275 27 26
755 275 27 26
756 275 27 26
756 274 27 26
756 274 27 26
755 274 27 26
755 275 27 26
755 275 27 26
755 274 27 26
755 274 27 26
756 274 27 26
756 274 27 26
756 274 27 26
756 274 27 26
756 275 26 25
755 274 27 26
755 274 27 26
755 274 27 26
755 274 27 26
755 274 27 26
755 273 27 26
754 273 27 26
755 273 27 26
754 274 27 26
754 274 27 26
755 273 27 26
754 273 27 26
754 274 27 26
754 273 27 26
753 273 27 26
754 274 27 26
754 274 27 26
753 274 27 26
753 274 27 26
753 273 27 26
753 273 27 26
753 273 27 26
752 273 27 26
752 274 27 26
752 274 27 26
752 274 27 26
751 274 27 26
751 274 27 26
751 274 27 26
751 274 27 26
750 274 27 26
750 274 27 26
750 274 27 26
750 274 27 26
749 275 27 26
749 274 27 26
749 274 27 26
749 274 27 26
748 274 27 26
747 274 27 26
747 273 27 26
747 273 27 26
747 273 27 26
746 273 27 26
745 274 27 26
746 273 27 26
745 274 27 26
745 273 27 26
745 273 27 26
744 273 27 26
744 272 27 26
743 272 27 26
743 273 27 26
742 273 27 26
741 272 27 26
741 272 27 26
741 272 27 26
741 273 26 25
740 272 27 26
739 272 27 26
738 272 27 26
739 272 27 26
739 272 27 26
738 272 27 26
737 272 27 26
737 273 27 26
737 272 27 26
736 272 27 26
736 272 27 26
736 273 27 26
736 272 27 26
736 272 27 26
736 273 26 25
736 272 27 26
736 272 27 26
735 273 27 26
735 273 27 26
735 273 27 26
734 274 27 26
735 274 27 26
734 274 27 26
735 274 27 26
735 275 27 26
734 275 27 26
735 275 27 26
735 275 27 26
735 276 26 25
735 276 26 25
735 276 27 26
735 277 27 26
735 277 27 26
735 277 27 26
734 277 27 26
734 277 27 26
734 277 27 26
735 278 27 26
735 278 27 26
735 278 27 26
735 279 26 25
735 279 26 25
735 279 26 25
735 279 26 25
735 279 26 25
735 279 26 25
735 280 26 25
735 279 26 25
735 279 26 25
735 279 26 25
734 279 27 26
735 278 27 26
735 278 27 26
735 279 27 26
735 278 27 26
735 278 27 26
735 278 27 26
735 278 27 26
735 278 27 26
735 278 27 26
735 278 27 26
735 278 27 26
735 278 27 26
735 278 27 26
735 277 27 26
735 277 27 26
735 277 27 26
735 277 27 26
736 277 27 26
735 277 27 26
735 277 27 26
735 277 27 26
736 277 27 26
736 277 27 26
736 277 27 26
736 277 27 26
735 277 27 26
735 277 27 26
736 277 27 26
735 277 27 26
736 278 27 26
736 277 27 26
736 277 27 26
736 277 27 26
736 278 27 26
736 277 27 26
735 277 27 26
736 278 27 26
736 277 27 26
737 277 27 26
737 278 27 26
736 278 27 26
737 278 27 26
737 277 27 26
737 277 27 26
737 278 27 26
737 277 27 26
737 277 27 26
737 277 27 26
737 277 27 26
737 277 27 26
738 277 26 25
739 277 26 25
740 277 26 25
739 276 27 26
740 275 27 26
740 275 27 26
740 275 27 26
740 274 27 26
741 274 27 26
742 274 27 26
742 274 27 26
742 274 27 26
742 273 27 26
743 273 27 26
743 273 27 26
744 273 27 26
744 273 27 26
745 273 27 26
746 273 27 26
746 273 27 26
746 273 27 26
746 273 27 26
747 273 27 26
747 273 27 26
748 273 27 26
749 274 27 26
749 275 27 26
749 275 27 26
750 275 27 26
752 276 26 25
752 276 27 26
752 277 27 26
753 277 27 26
753 278 27 26
753 279 27 26
753 280 27 26
754 280 27 26
755 281 27 26
755 282 27 26
755 283 26 25
755 283 27 26
755 284 27 26
756 286 27 26
756 286 27 26
756 287 27 26
757 288 26 25
758 289 26 25
758 289 27 26
759 290 26 25
758 291 27 26
759 291 27 26
759 292 27 26
760 292 27 26
760 293 27 26
761 293 27 26
761 294 27 26
761 294 27 26
762 294 27 26
762 294 27 26
762 295 27 26
763 295 27 26
763 295 27 26
764 295 27 26
764 295 27 26
764 296 27 26
765 295 27 26
765 295 27 26
765 296 27 26
765 295 27 26
766 295 27 26
766 295 27 26
766 295 27 26
767 294 27 26
766 294 27 26
767 294 27 26
767 293 27 26
767 293 27 26
767 293 27 26
767 293 27 26
768 293 27 26
768 292 27 26
767 292 27 26
768 292 27 26
768 292 27 26
768 292 27 26
768 292 27 26
768 291 27 26
768 291 27 26
768 291 27 26
768 291 27 26
768 291 27 26
768 291 27 26
768 291 27 26
768 291 27 26
768 290 27 26
768 290 27 26
768 291 27 26
768 290 27 26
768 290 27 26
768 290 27 26
767 290 27 26
767 290 27 26
767 290 27 26
767 290 27 26
767 290 27 26
767 290 27 26
767 291 26 25
767 290 26 25
767 290 27 26
766 290 27 26
766 290 27 26
766 290 27 26
766 290 27 26
765 290 27 26
765 290 27 26
765 291 27 26
765 291 27 26
765 291 27 26
765 291 27 26
765 291 27 26
764 291 27 26
764 291 27 26
764 291 27 26
764 292 27 26
764 292 27 26
763 292 27 26
763 292 27 26
763 292 27 26
762 293 27 26
763 293 27 26
762 293 27 26
762 293 27 26
762 294 27 26
762 294 27 26
762 295 27 26
761 295 27 26
761 295 27 26
761 295 27 26
761 295 27 26
760 296 27 26
760 296 27 26
760 296 27 26
759 296 27 26
759 296 27 26
759 296 27 26
758 296 27 26
758 296 27 26
758 297 26 25
758 297 27 26
757 296 27 26
756 296 27 26
756 296 27 26
755 296 27 26
755 296 26 25
755 295 27 26
753 294 27 26
753 294 27 26
754 294 26 25
753 292 26 25
752 291 27 26
751 291 27 26
750 290 27 26
750 290 26 25
750 290 26 25
749 289 26 25
747 289 26 25
747 289 26 25
746 288 27 26
745 288 27 26
744 287 27 26
743 287 27 26
742 287 27 26
742 287 27 26
741 287 27 26
741 286 27 26
739 286 27 26
739 286 27 26
739 287 27 26
738 286 27 26
738 286 27 26
737 286 27 26
736 287 27 26
736 286 27 26
735 286 27 26
735 287 27 26
735 287 27 26
734 287 27 26
734 288 27 26
734 288 27 26
733 288 27 26
733 288 27 26
733 289 26 25
733 290 26 25
733 291 26 25
733 290 26 25
733 291 26 25
732 291 26 25
732 291 26 25
732 291 26 25
732 291 26 25
732 291 26 25
732 291 26 25
732 291 27 26
732 290 27 26
732 290 27 26
732 291 27 26
732 290 27 26
732 290 27 26
732 290 27 26
732 290 27 26
732 290 27 26
733 290 27 26
733 290 27 26
734 290 27 26
733 290 27 26
734 290 27 26
734 290 27 26
734 290 27 26
735 289 27 26
735 289 27 26
735 290 27 26
735 289 27 26
736 289 27 26
735 289 27 26
735 289 27 26
736 289 27 26
736 289 27 26
737 289 27 26
737 289 27 26
737 289 27 26
737 289 27 26
738 289 27 26
738 289 27 26
738 289 27 26
738 289 27 26
738 289 27 26
739 289 27 26
739 289 27 26
739 290 27 26
739 290 27 26
739 290 27 26
740 290 27 26
740 290 27 26
740 290 27 26
740 290 27 26
740 290 27 26
740 290 27 26
741 291 26 25
741 291 26 25
742 292 26 25
742 292 26 25
742 292 26 25
741 292 27 26
742 292 27 26
742 292 27 26
742 293 27 26
742 292 27 26
742 292 27 26
742 292 27 26
742 293 27 26
742 293 27 26
743 294 27 26
743 294 27 26
743 294 27 26
743 294 27 26
743 294 27 26
743 295 27 26
743 294 27 26
744 294 27 26
744 294 27 26
744 295 27 26
744 295 27 26
744 296 27 26
745 295 27 26
744 295 27 26
744 296 27 26
745 296 27 26
744 296 27 26
745 295 27 26
744 295 27 26
745 295 27 26
745 295 27 26
745 296 27 26
744 296 27 26
745 296 27 26
745 296 27 26
745 296 27 26
745 296 27 26
745 296 27 26
744 296 27 26
744 296 27 26
744 296 27 26
744 296 27 26
744 296 27 26
744 296 27 26
744 296 27 26
743 296 27 26
743 295 27 26
743 295 27 26
743 295 27 26
743 296 26 25
743 296 26 25
743 296 27 26
742 296 27 26
742 295 27 26
742 295 27 26
742 295 27 26
741 296 27 26
742 295 27 26
742 295 27 26
741 295 27 26
741 295 27 26
741 295 27 26
740 295 27 26
741 295 27 26
741 295 27 26
741 294 27 26
741 294 27 26
741 295 27 26
741 294 27 26
741 294 27 26
741 295 27 26
741 294 27 26
742 294 27 26
742 294 27 26
741 294 27 26
741 294 27 26
742 294 27 26
742 294 27 26
743 293 27 26
743 293 27 26
743 293 27 26
743 294 27 26
743 293 27 26
743 293 27 26
744 294 27 26
744 294 27 26
744 293 27 26
744 293 27 26
744 294 27 26
744 293 27 26
744 293 27 26
744 294 27 26
745 294 27 26
745 294 27 26
745 293 27 26
745 293 27 26
745 293 27 26
745 294 27 26
745 294 27 26
745 293 27 26
746 293 27 26
746 294 27 26
745 294 27 26
745 293 27 26
745 293 27 26
746 294 27 26
746 293 27 26
745 293 27 26
745 293 27 26
745 293 27 26
745 293 27 26
745 293 27 26
745 292 27 26
745 292 27 26
745 293 27 26
745 292 27 26
744 292 27 26
744 292 27 26
744 292 27 26
744 292 27 26
744 292 27 26
743 292 27 26
744 291 27 26
744 291 27 26
743 291 27 26
743 291 27 26
743 291 27 26
743 291 27 26
742 291 27 26
742 291 27 26
742 290 27 26
742 290 27 26
742 290 27 26
741 290 27 26
741 290 27 26
740 290 27 26
741 289 27 26
741 289 27 26
740 289 27 26
740 289 27 26
740 289 27 26
740 288 27 26
740 288 27 26
739 288 27 26
739 289 27 26
739 288 27 26
740 289 27 26
740 288 27 26
739 288 27 26
739 288 27 26
739 287 27 26
739 287 27 26
739 287 27 26
739 287 27 26
739 287 27 26
739 287 27 26
740 286 27 26
740 286 27 26
739 286 27 26
740 286 27 26
739 286 27 26
740 286 27 26
740 285 27 26
740 285 27 26
740 285 27 26
740 284 27 26
740 284 27 26
740 284 27 26
740 284 27 26
740 284 27 26
740 284 27 26
740 283 27 26
740 283 27 26
740 283 27 26
740 283 27 26
740 282 27 26
740 282 27 26
740 282 27 26
740 282 27 26
740 281 27 26
740 281 27 26
740 281 27 26
740 281 27 26
740 280 27 26
740 280 27 26
740 280 26 25
740 280 26 25
740 279 27 26
739 279 27 26
739 279 27 26
740 279 27 26
740 279 27 26
740 278 27 26
739 278 27 26
739 279 27 26
739 278 27 26
739 278 27 26
739 278 27 26
739 278 27 26
739 278 27 26
739 278 27 26
739 278 27 26
739 278 27 26
739 277 27 26
739 278 27 26
739 277 27 26
739 277 27 26
739 277 27 26
739 277 27 26
739 277 27 26
739 277 27 26
739 277 27 26
739 277 27 26
739 277 27 26
739 277 27 26
740 277 27 26
740 277 27 26
740 277 27 26
740 277 27 26
740 277 27 26
740 277 27 26
740 277 27 26
740 277 27 26
740 277 27 26
740 277 27 26
741 277 27 26
741 277 27 26
741 277 27 26
741 277 27 26
741 277 27 26
741 277 27 26
742 277 27 26
742 277 27 26
741 277 27 26
742 277 27 26
742 277 27 26
742 277 27 26
742 277 27 26
742 278 27 26
742 277 27 26
742 277 27 26
742 277 27 26
743 277 27 26
743 277 27 26
743 277 27 26
743 277 27 26
744 277 27 26
744 278 27 26
743 277 27 26
744 277 27 26
745 278 26 25
745 278 26 25
745 277 26 25
745 277 27 26
745 278 27 26
745 278 26 25
745 278 26 25
745 277 27 26
744 277 27 26
745 277 27 26
745 277 27 26
745 277 27 26
745 277 27 26
745 277 27 26
745 277 27 26
745 277 27 26
745 277 27 26
746 277 27 26
745 277 27 26
745 278 27 26
746 278 27 26
746 278 27 26
746 278 27 26
746 278 27 26
746 278 27 26
746 278 27 26
745 278 27 26
746 278 27 26
746 278 27 26
746 278 27 26
746 277 27 26
746 277 27 26
746 277 27 26
746 278 27 26
746 278 27 26
746 277 27 26
746 277 27 26
746 277 27 26
746 277 27 26
746 277 27 26
746 277 27 26
746 276 27 26
747 276 27 26
747 276 27 26
746 276 27 26
746 275 27 26
747 275 27 26
747 275 27 26
746 275 27 26
747 275 27 26
747 274 27 26
747 274 27 26
747 274 27 26
748 274 27 26
748 274 27 26
748 273 27 26
747 273 27 26
747 273 27 26
748 272 27 26
748 272 27 26
748 272 27 26
748 271 27 26
748 271 27 26
749 271 27 26
748 270 27 26
749 270 27 26
749 270 27 26
749 270 27 26
750 269 27 26
750 269 27 26
750 270 26 25
750 269 26 25
751 269 26 25
751 269 26 25
750 268 27 26
751 267 27 26
751 267 27 26
750 267 27 26
751 267 27 26
751 267 26 25
751 267 26 25
751 266 27 26
751 265 27 26
751 265 27 26
752 265 27 26
752 265 27 26
751 264 27 26
751 264 27 26
751 264 27 26
751 264 27 26
751 264 27 26
751 263 27 26
751 263 27 26
751 263 27 26
751 262 27 26
751 262 27 26
751 262 27 26
751 262 27 26
751 262 27 26
751 262 27 26
751 262 27 26
750 261 27 26
751 261 27 26
750 262 27 26
751 261 27 26
750 262 27 26
751 261 27 26
751 262 27 26
751 261 27 26
750 262 27 26
750 261 27 26
750 262 27 26
750 261 27 26
750 261 27 26
750 262 27 26
750 261 27 26
750 261 27 26
750 262 27 26
749 262 27 26
750 262 27 26
750 262 27 26
750 262 27 26
750 262 27 26
750 262 27 26
750 263 27 26
750 263 27 26
750 263 27 26
751 263 27 26
751 264 27 26
750 263 27 26
751 263 27 26
751 263 27 26
751 264 27 26
751 264 27 26
751 265 27 26
752 265 27 26
752 265 27 26
751 265 27 26
752 265 27 26
751 265 27 26
752 266 27 26
752 266 27 26
752 265 27 26
752 266 27 26
752 266 27 26
752 266 27 26
752 266 27 26
752 266 27 26
752 266 27 26
752 266 27 26
753 266 27 26
752 266 27 26
753 266 27 26
753 265 27 26
753 265 27 26
753 265 27 26
753 265 27 26
753 264 27 26
753 264 27 26
753 265 27 26
753 264 27 26
753 264 27 26
754 263 27 26
754 262 27 26
753 262 27 26
754 262 27 26
754 262 27 26
755 261 27 26
754 261 27 26
755 261 27 26
755 261 27 26
755 260 27 26
755 260 27 26
756 259 27 26
756 259 27 26
756 259 27 26
756 259 27 26
756 259 27 26
756 258 27 26
756 258 27 26
756 258 27 26
757 259 27 26
756 258 27 26
757 258 27 26
757 258 27 26
757 258 27 26
757 258 27 26
757 258 27 26
757 259 27 26
758 259 27 26
758 259 27 26
758 259 27 26
758 259 27 26
758 259 27 26
758 259 27 26
758 260 27 26
758 260 27 26
758 260 27 26
758 261 27 26
758 261 27 26
758 261 27 26
759 261 27 26
759 262 26 25
759 262 26 25
759 262 26 25
760 262 26 25
759 262 27 26
760 263 27 26
760 262 27 26
760 263 27 26
760 263 27 26
760 264 27 26
760 264 27 26
760 264 27 26
761 264 27 26
761 265 27 26
761 265 27 26
761 266 27 26
762 266 27 26
762 267 27 26
762 267 27 26
762 267 27 26
762 268 27 26
763 268 27 26
763 269 27 26
763 269 27 26
764 269 27 26
764 269 27 26
764 269 27 26
765 270 27 26
765 271 27 26
765 271 27 26
766 272 27 26
766 272 27 26
766 273 27 26
767 273 27 26
767 273 27 26
767 273 27 26
767 274 27 26
768 275 27 26
768 275 27 26
769 276 27 26
769 276 27 26
768 276 27 26
769 277 27 26
769 277 27 26
770 277 27 26
771 277 27 26
771 277 27 26
771 278 27 26
771 279 27 26
771 279 27 26
771 279 27 26
772 280 27 26
772 280 27 26
773 281 27 26
773 281 27 26
772 281 27 26
773 282 27 26
773 282 27 26
773 282 27 26
773 282 27 26
773 283 27 26
774 283 27 26
774 284 27 26
773 283 27 26
774 283 27 26
774 284 27 26
774 284 27 26
775 285 27 26
775 285 27 26
775 285 27 26
775 285 27 26
776 285 27 26
776 286 27 26
777 286 27 26
777 286 27 26
777 286 27 26
777 287 27 26
777 287 27 26
778 287 27 26
778 287 27 26
778 288 27 26
778 288 27 26
779 288 27 26
779 288 27 26
779 288 27 26
779 288 27 26
780 287 27 26
780 288 27 26
780 287 27 26
781 288 27 26
781 288 27 26
782 288 27 26
782 288 27 26
782 288 27 26
782 287 27 26
782 287 27 26
782 288 27 26
782 287 27 26
783 287 27 26
783 287 27 26
783 287 27 26
783 287 27 26
784 287 27 26
784 287 27 26
784 287 27 26
784 287 27 26
784 287 27 26
784 286 27 26
783 287 27 26
784 286 27 26
784 286 27 26
783 286 27 26
783 286 27 26
784 286 27 26
783 285 27 26
784 285 27 26
783 285 27 26
783 285 27 26
783 284 27 26
783 284 27 26
783 284 27 26
783 284 27 26
782 283 27 26
783 283 27 26
783 283 27 26
782 283 27 26
782 283 27 26
782 282 27 26
782 282 27 26
782 282 27 26
782 283 27 26
782 282 27 26
782 282 27 26
782 281 27 26
782 281 27 26
782 282 27 26
782 281 27 26
782 281 27 26
782 281 27 26
782 281 27 26
782 281 27 26
782 280 27 26
782 280 27 26
781 280 27 26
781 280 27 26
781 280 27 26
781 280 27 26
781 281 27 26
781 280 27 26
781 280 27 26
781 281 27 26
780 280 27 26
780 280 27 26
780 280 27 26
779 280 27 26
780 280 27 26
780 280 27 26
779 280 27 26
779 280 27 26
779 280 27 26
779 280 27 26
778 281 27 26
778 280 27 26
777 281 27 26
777 281 27 26
777 280 27 26
777 280 27 26
776 280 27 26
776 281 27 26
776 281 27 26
776 281 27 26
775 281 27 26
775 281 27 26
775 282 27 26
774 282 27 26
775 282 27 26
775 282 27 26
774 282 27 26
773 282 27 26
773 283 27 26
773 282 27 26
773 283 27 26
773 283 27 26
772 283 27 26
772 283 27 26
772 283 27 26
772 284 27 26
772 284 27 26
772 284 27 26
772 285 26 25
772 285 26 25
771 284 27 26
771 285 27 26
771 285 27 26
770 285 27 26
771 286 27 26
770 286 27 26
771 286 27 26
771 286 27 26
770 286 27 26
770 286 27 26
771 287 27 26
771 287 27 26
770 287 27 26
771 287 27 26
770 288 27 26
771 287 27 26
771 288 27 26
771 288 27 26
771 288 27 26
771 288 27 26
771 288 27 26
771 289 27 26
771 289 27 26
771 289 27 26
771 289 27 26
771 289 27 26
771 290 27 26
772 289 27 26
772 290 27 26
771 289 27 26
771 289 27 26
772 290 27 26
772 289 27 26
772 290 27 26
772 290 27 26
772 290 27 26
772 289 27 26
772 289 27 26
772 290 27 26
772 289 27 26
773 289 27 26
773 289 27 26
773 289 27 26
773 289 27 26
773 289 27 26
773 289 27 26
773 289 27 26
773 289 27 26
773 289 27 26
773 288 27 26
773 288 27 26
773 288 27 26
773 288 27 26
773 288 27 26
773 288 27 26
773 288 27 26
773 287 27 26
773 287 27 26
773 288 27 26
773 287 27 26
773 287 27 26
773 287 27 26
772 287 27 26
773 286 27 26
773 286 27 26
773 287 27 26
772 286 27 26
773 286 27 26
773 287 27 26
773 286 27 26
772 286 27 26
772 286 27 26
773 286 27 26
773 287 27 26
773 286 27 26
773 286 27 26
772 287 27 26
772 287 27 26
772 287 27 26
772 287 27 26
772 287 27 26
771 287 27 26
772 287 27 26
772 287 27 26
772 288 27 26
772 288 27 26
772 288 27 26
772 288 27 26
772 288 27 26
773 289 27 26
773 289 27 26
773 290 27 26
773 290 27 26
774 290 27 26
774 290 27 26
773 291 27 26
774 291 27 26
774 292 27 26
774 292 27 26
774 292 27 26
774 293 27 26
775 293 27 26
775 293 27 26
775 293 27 26
775 294 27 26
775 294 27 26
776 295 27 26
776 295 27 26
776 296 27 26
776 296 27 26
776 296 27 26
777 296 27 26
777 297 27 26
777 297 27 26
777 297 27 26
777 297 27 26
777 297 27 26
777 297 27 26
778 297 27 26
778 297 27 26
778 298 27 26
778 298 27 26
778 298 27 26
779 299 27 26
778 299 27 26
779 299 27 26
779 298 27 26
779 299 27 26
779 299 27 26
780 299 27 26
780 299 27 26
780 299 27 26
780 299 27 26
781 299 27 26
781 299 27 26
781 299 27 26
781 298 27 26
781 298 27 26
781 299 27 26
781 299 27 26
782 299 27 26
782 299 27 26
782 299 27 26
782 299 27 26
783 299 27 26
783 298 27 26
783 298 27 26
783 299 27 26
783 299 27 26
783 299 27 26
784 299 27 26
783 298 27 26
784 298 27 26
784 298 27 26
784 299 27 26
784 299 27 26
784 299 27 26
784 299 27 26
785 298 27 26
785 298 27 26
784 298 27 26
785 298 27 26
785 299 26 25
786 300 26 25
785 299 27 26
785 299 27 26
785 299 27 26
785 299 27 26
786 299 27 26
786 299 27 26
785 299 27 26
785 298 27 26
786 298 27 26
785 299 27 26
786 298 27 26
785 298 27 26
786 298 27 26
786 298 27 26
786 298 27 26
786 298 27 26
786 298 27 26
786 298 27 26
786 298 27 26
786 298 27 26
786 298 27 26
786 298 27 26
786 297 27 26
786 297 27 26
786 298 27 26
786 297 27 26
786 297 27 26
785 297 27 26
786 297 27 26
786 297 27 26
786 297 27 26
786 297 27 26
785 297 27 26
786 296 27 26
785 296 27 26
786 296 27 26
786 296 27 26
786 296 27 26
786 295 27 26
786 295 27 26
786 295 27 26
786 295 27 26
786 295 27 26
786 295 27 26
786 295 27 26
786 294 27 26
786 294 27 26
786 294 27 26
786 294 27 26
786 294 27 26
786 293 27 26
785 294 27 26
786 293 27 26
786 293 27 26
786 293 27 26
786 293 27 26
785 292 27 26
786 292 27 26
785 292 27 26
786 292 27 26
786 292 27 26
785 292 27 26
785 292 27 26
786 292 27 26
786 291 27 26
785 292 27 26
785 291 27 26
785 291 27 26
785 291 27 26
785 291 27 26
785 291 27 26
785 291 27 26
785 291 27 26
785 291 27 26
785 291 27 26
785 290 27 26
785 290 27 26
785 291 27 26
785 290 27 26
785 290 27 26
785 291 27 26
785 291 27 26
785 290 27 26
785 291 27 26
785 291 27 26
785 291 27 26
785 291 27 26
786 291 27 26
786 291 27 26
785 291 27 26
786 291 27 26
786 291 27 26
786 291 27 26
786 291 27 26
786 291 27 26
786 292 27 26
786 292 27 26
786 292 27 26
786 292 27 26
787 292 27 26
787 292 27 26
787 292 27 26
787 292 27 26
787 293 27 26
788 293 27 26
787 293 27 26
788 293 27 26
788 293 27 26
787 294 27 26
788 293 27 26
788 293 27 26
788 294 27 26
788 294 27 26
788 294 27 26
788 294 27 26
789 294 27 26
789 295 27 26
789 295 27 26
789 294 27 26
789 294 27 26
789 294 27 26
789 294 27 26
789 295 27 26
789 295 27 26
790 295 27 26
789 295 27 26
790 295 27 26
790 295 27 26
790 295 27 26
790 295 27 26
790 295 27 26
790 295 27 26
790 295 27 26
791 295 27 26
791 295 27 26
791 295 27 26
791 295 27 26
791 295 27 26
791 295 27 26
790 295 27 26
790 295 27 26
791 294 27 26
791 294 27 26
791 294 27 26
791 295 26 25
790 294 27 26
790 295 27 26
790 295 27 26
790 294 27 26
790 295 27 26
790 294 27 26
789 294 27 26
789 294 27 26
789 294 27 26
789 294 27 26
789 294 27 26
788 294 27 26
789 294 27 26
788 294 27 26
788 294 27 26
788 293 27 26
788 293 27 26
788 294 27 26
788 293 27 26
787 293 27 26
787 294 27 26
787 293 27 26
787 294 27 26
787 293 27 26
786 293 27 26
787 293 27 26
786 293 27 26
786 293 27 26
786 292 27 26
786 292 27 26
786 292 27 26
786 292 27 26
786 293 27 26
786 293 27 26
786 292 27 26
786 292 27 26
786 293 27 26
786 292 27 26
786 292 27 26
786 292 27 26
786 292 27 26
786 293 27 26
786 292 27 26
786 292 27 26
786 293 27 26
786 292 27 26
787 293 27 26
787 293 27 26
786 292 27 26
787 293 27 26
787 292 27 26
787 292 27 26
787 293 27 26
787 293 27 26
787 293 27 26
787 293 27 26
788 293 27 26
788 293 27 26
788 293 27 26
788 293 27 26
788 293 27 26
788 293 27 26
788 293 27 26
788 293 27 26
789 293 27 26
789 293 27 26
789 293 27 26
789 293 27 26
789 293 27 26
789 293 27 26
789 293 27 26
790 293 27 26
789 293 27 26
789 293 27 26
790 293 27 26
790 293 27 26
790 293 27 26
790 293 27 26
790 293 27 26
790 293 27 26
790 293 27 26
790 293 27 26
790 293 27 26
790 293 27 26
791 293 27 26
791 293 27 26
791 294 26 25
791 294 26 25
791 293 26 25
791 293 27 26
791 293 27 26
791 293 27 26
791 293 27 26
790 293 27 26
791 292 27 26
791 293 27 26
790 293 27 26
791 293 27 26
790 293 27 26
790 293 27 26
790 293 27 26
790 293 27 26
790 293 27 26
791 293 27 26
791 293 27 26
791 293 27 26
791 293 27 26
791 293 27 26
790 293 27 26
790 293 27 26
790 293 27 26
790 293 27 26
790 293 27 26
790 293 27 26
790 293 27 26
789 293 27 26
790 294 27 26
790 293 27 26
790 293 27 26
790 294 27 26
790 293 27 26
790 293 27 26
790 293 27 26
790 293 27 26
790 294 26 25
791 295 26 25
791 294 26 25
791 294 26 25
791 295 26 25
790 294 27 26
790 295 27 26
790 295 27 26
790 295 27 26
790 295 27 26
790 295 27 26
790 295 27 26
791 296 27 26
791 295 27 26
791 296 27 26
791 296 27 26
791 295 27 26
791 296 27 26
791 296 27 26
791 296 27 26
792 296 27 26
792 297 27 26
792 297 27 26
792 297 27 26
792 297 27 26
793 297 27 26
793 297 27 26
793 297 27 26
793 298 27 26
793 298 27 26
794 298 27 26
794 298 27 26
794 299 27 26
795 299 27 26
795 299 27 26
796 299 27 26
796 299 27 26
796 300 27 26
796 300 27 26
797 300 27 26
797 301 27 26
797 301 27 26
798 301 27 26
798 301 27 26
798 302 27 26
798 302 27 26
799 301 27 26
799 301 27 26
800 302 27 26
800 303 27 26
800 303 27 26
801 303 27 26
801 303 27 26
801 303 27 26
801 303 27 26
802 303 27 26
802 304 27 26
803 305 27 26
803 305 27 26
803 305 27 26
804 305 27 26
804 305 27 26
804 305 27 26
805 306 27 26
805 306 27 26
805 306 27 26
805 306 27 26
805 306 27 26
805 306 27 26
806 306 27 26
806 306 27 26
807 306 27 26
807 306 27 26
807 306 27 26
807 307 27 26
807 306 27 26
807 307 27 26
808 306 27 26
808 306 27 26
809 307 27 26
809 307 27 26
809 307 27 26
809 307 27 26
809 307 27 26
810 308 26 25
810 308 26 25
810 308 26 25
810 308 27 26
810 308 27 26
810 308 27 26
811 308 27 26
811 308 27 26
811 308 27 26
812 309 27 26
812 308 27 26
813 309 27 26
813 309 27 26
813 309 27 26
813 309 27 26
814 309 27 26
814 309 27 26
814 309 27 26
814 309 27 26
814 309 27 26
815 309 27 26
815 309 27 26
814 309 27 26
815 309 27 26
815 309 27 26
815 309 27 26
814 309 27 26
814 309 27 26
814 309 27 26
814 309 27 26
815 309 27 26
814 309 27 26
815 309 27 26
815 308 27 26
814 308 27 26
814 308 27 26
813 308 27 26
813 308 27 26
813 308 27 26
813 308 27 26
813 308 27 26
812 308 27 26
812 308 27 26
812 308 26 25
811 307 27 26
811 308 26 25
811 308 26 25
810 307 27 26
809 307 27 26
809 306 27 26
808 306 27 26
808 306 27 26
808 307 27 26
808 307 27 26
808 307 26 25
808 307 26 25
808 307 26 25
807 306 26 25
807 306 27 26
806 306 27 26
806 305 27 26
806 305 27 26
805 305 27 26
805 305 27 26
805 305 27 26
805 305 27 26
804 305 27 26
804 305 27 26
804 305 27 26
804 305 27 26
804 305 27 26
803 304 27 26
803 304 27 26
803 305 27 26
803 304 27 26
803 304 27 26
803 305 27 26
803 304 27 26
803 304 27 26
803 305 27 26
804 304 27 26
804 304 27 26
803 304 27 26
804 304 27 26
803 304 27 26
804 304 27 26
804 304 27 26
804 304 27 26
804 304 27 26
804 304 27 26
804 304 27 26
804 304 27 26
804 304 27 26
804 303 27 26
805 303 27 26
805 303 27 26
804 304 27 26
805 303 27 26
805 303 27 26
805 303 27 26
804 303 27 26
805 303 27 26
805 303 27 26
805 302 27 26
805 302 27 26
805 302 27 26
805 302 27 26
805 302 27 26
804 301 27 26
804 301 27 26
805 301 27 26
805 301 27 26
805 302 26 25
805 301 27 26
804 300 27 26
804 300 27 26
804 300 27 26
804 300 27 26
804 300 27 26
804 300 27 26
804 299 27 26
804 299 27 26
804 299 27 26
804 299 27 26
804 298 27 26
803 298 27 26
804 298 27 26
803 298 27 26
804 298 27 26
804 298 27 26
804 298 27 26
804 298 26 25
803 298 26 25
804 297 26 25
804 297 26 25
803 297 26 25
803 297 26 25
803 296 26 25
802 296 27 26
802 295 27 26
802 295 27 26
802 294 27 26
802 294 27 26
802 295 27 26
801 294 27 26
802 294 27 26
802 294 26 25
802 294 27 26
801 294 27 26
801 293 27 26
801 293 27 26
801 293 27 26
801 293 27 26
801 293 27 26
801 293 27 26
801 293 27 26
801 293 27 26
801 292 27 26
801 292 27 26
801 293 27 26
801 293 27 26
801 293 27 26
801 293 27 26
800 293 27 26
800 293 27 26
800 293 27 26
800 293 27 26
800 293 27 26
801 294 27 26
801 293 27 26
800 294 27 26
801 294 27 26
801 294 27 26
800 294 27 26
801 295 27 26
801 295 27 26
801 295 27 26
801 296 27 26
801 296 27 26
801 296 27 26
801 296 27 26
802 297 27 26
802 297 27 26
801 297 27 26
801 297 27 26
802 297 27 26
802 298 27 26
802 298 27 26
802 298 27 26
802 298 27 26
803 299 27 26
802 299 27 26
803 299 27 26
803 299 27 26
803 299 27 26
803 300 27 26
803 300 27 26
803 300 27 26
803 300 27 26
804 300 27 26
804 301 27 26
804 300 27 26
804 300 27 26
804 301 27 26
804 301 27 26
804 301 27 26
804 301 27 26
804 301 27 26
804 302 27 26
804 302 27 26
805 302 27 26
805 302 27 26
805 302 27 26
805 303 27 26
805 302 27 26
805 302 27 26
805 303 27 26
805 303 27 26
806 303 27 26
805 303 27 26
806 303 27 26
806 303 27 26
806 303 27 26
806 303 27 26
806 303 27 26
806 303 27 26
806 303 27 26
807 303 27 26
807 303 27 26
807 303 27 26
807 303 27 26
807 303 27 26
807 302 27 26
807 302 27 26
807 303 27 26
808 303 27 26
808 303 27 26
807 303 27 26
808 303 27 26
808 303 27 26
808 303 27 26
808 303 27 26
808 303 27 26
808 303 27 26
808 303 27 26
808 303 27 26
808 303 27 26
808 303 27 26
808 303 27 26
808 303 27 26
808 303 27 26
808 303 27 26
808 303 27 26
808 303 27 26
808 303 27 26
808 303 27 26
808 303 27 26
808 304 27 26
807 303 27 26
808 303 27 26
808 303 27 26
807 304 27 26
807 304 27 26
807 304 27 26
807 305 27 26
807 304 27 26
807 305 27 26
807 305 27 26
807 305 27 26
807 304 27 26
807 304 27 26
807 305 27 26
806 305 27 26
807 305 27 26
807 305 27 26
807 305 27 26
807 306 27 26
807 305 27 26
807 306 27 26
807 305 27 26
807 306 27 26
807 305 27 26
807 306 27 26
808 305 27 26
808 305 27 26
807 305 27 26
807 305 27 26
807 305 27 26
808 305 27 26
808 305 27 26
808 305 27 26
808 305 27 26
808 305 27 26
808 305 27 26
808 305 27 26
808 305 27 26
808 305 27 26
808 305 27 26
808 305 27 26
808 304 27 26
808 304 27 26
808 304 27 26
808 305 26 25
808 305 27 26
807 304 27 26
808 304 27 26
807 304 27 26
807 304 27 26
807 304 27 26
807 304 27 26
807 304 27 26
806 303 27 26
807 304 27 26
807 303 27 26
807 303 27 26
807 303 27 26
806 303 27 26
806 303 27 26
806 303 27 26
805 302 27 26
806 302 27 26
806 302 27 26
806 301 27 26
805 301 27 26
805 302 27 26
805 301 27 26
805 301 27 26
805 301 27 26
805 302 26 25
805 301 27 26
804 301 27 26
804 300 27 26
804 301 27 26
804 300 27 26
804 300 27 26
803 300 27 26
803 300 27 26
803 299 27 26
803 299 27 26
803 299 27 26
803 298 27 26
802 298 27 26
803 298 27 26
803 298 27 26
803 298 27 26
802 298 27 26
802 298 27 26
802 298 27 26
801 298 27 26
802 298 27 26
802 298 27 26
802 298 27 26
801 298 27 26
801 299 27 26
800 298 27 26
801 298 27 26
801 299 27 26
800 299 27 26
800 299 27 26
800 299 27 26
800 299 27 26
800 299 27 26
800 299 27 26
800 300 27 26
800 299 27 26
800 300 27 26
800 299 27 26
801 299 27 26
801 300 27 26
800 300 27 26
800 300 27 26
800 300 27 26
801 300 27 26
800 300 27 26
801 300 27 26
801 300 27 26
801 300 27 26
801 300 27 26
801 300 27 26
801 300 27 26
800 300 27 26
800 300 27 26
801 300 27 26
801 300 27 26
801 301 26 25
800 300 27 26
800 300 27 26
799 300 27 26
800 300 27 26
799 300 27 26
799 300 27 26
799 300 27 26
799 301 26 25
798 300 27 26
798 300 27 26
798 301 26 25
797 300 27 26
796 300 27 26
796 300 27 26
796 299 27 26
795 299 27 26
795 300 27 26
795 299 27 26
795 299 27 26
795 300 26 25
794 299 27 26
794 299 27 26
794 299 27 26
793 299 27 26
793 299 27 26
792 299 27 26
792 299 27 26
792 298 27 26
792 298 27 26
792 299 27 26
791 299 27 26
791 299 27 26
791 299 27 26
791 299 27 26
791 299 27 26
790 299 27 26
791 299 27 26
790 300 27 26
790 300 27 26
790 299 27 26
790 300 27 26
790 300 27 26
790 300 27 26
790 301 27 26
790 301 27 26
790 301 27 26
790 301 27 26
790 301 27 26
791 301 27 26
791 302 27 26
791 302 27 26
790 303 27 26
790 303 27 26
790 303 27 26
790 303 27 26
790 303 27 26
790 304 27 26
790 304 27 26
790 304 27 26
790 304 27 26
790 304 27 26
790 305 27 26
791 305 27 26
790 305 27 26
791 305 27 26
791 306 27 26
791 306 27 26
791 306 27 26
791 306 27 26
791 306 27 26
791 306 27 26
790 307 27 26
791 307 27 26
791 307 27 26
791 307 27 26
791 307 27 26
791 308 27 26
791 308 27 26
791 308 27 26
791 308 27 26
791 308 27 26
791 308 27 26
790 308 27 26
790 308 27 26
790 308 27 26
790 308 27 26
790 308 27 26
790 308 27 26
790 308 27 26
790 307 27 26
789 307 27 26
789 307 27 26
789 307 27 26
789 307 27 26
788 306 27 26
788 306 27 26
788 306 27 26
787 305 27 26
787 305 27 26
787 305 27 26
787 306 26 25
787 305 26 25
786 304 27 26
786 304 27 26
786 304 26 25
785 303 27 26
785 303 27 26
784 303 27 26
784 302 27 26
784 302 27 26
784 303 26 25
783 302 27 26
783 301 27 26
782 301 27 26
782 301 27 26
782 301 27 26
781 301 27 26
781 301 27 26
781 301 27 26
781 301 27 26
781 301 27 26
780 301 27 26
780 301 27 26
780 301 27 26
780 301 27 26
780 301 27 26
780 300 27 26
780 301 27 26
780 301 27 26
780 301 27 26
780 301 27 26
780 301 27 26
780 301 27 26
781 301 27 26
781 301 27 26
781 302 27 26
781 302 27 26
781 302 27 26
782 302 27 26
782 302 27 26
782 302 27 26
783 303 27 26
783 303 27 26
783 303 27 26
784 304 27 26
784 304 27 26
784 304 27 26
784 304 27 26
785 304 27 26
785 304 27 26
785 305 27 26
786 305 27 26
786 305 27 26
785 305 27 26
785 305 27 26
785 305 27 26
786 306 27 26
786 305 27 26
786 305 27 26
786 306 27 26
787 305 27 26
787 306 27 26
786 305 27 26
786 305 27 26
786 306 27 26
786 305 27 26
786 305 27 26
786 306 26 25
786 305 27 26
786 305 27 26
784 305 27 26
785 305 27 26
785 305 27 26
783 305 27 26
783 305 27 26
783 305 27 26
783 305 27 26
782 305 27 26
781 304 27 26
781 304 27 26
781 304 27 26
780 304 27 26
779 304 27 26
778 304 27 26
778 303 27 26
777 303 27 26
777 303 27 26
776 303 27 26
776 303 27 26
775 303 27 26
774 303 27 26
774 302 27 26
773 302 27 26
773 302 27 26
772 302 27 26
772 302 27 26
771 302 27 26
771 301 27 26
770 301 27 26
770 301 27 26
769 301 27 26
769 301 27 26
769 301 27 26
769 301 27 26
768 301 27 26
768 301 27 26
767 300 27 26
767 300 27 26
766 300 27 26
766 301 27 26
766 300 27 26
765 300 27 26
765 301 27 26
765 300 27 26
765 301 27 26
765 300 27 26
765 301 27 26
764 300 27 26
765 300 27 26
765 301 27 26
765 300 27 26
765 301 27 26
764 301 27 26
764 301 27 26
764 301 27 26
763 301 27 26
764 301 27 26
763 301 27 26
764 302 27 26
764 301 27 26
763 302 27 26
764 302 27 26
764 302 27 26
764 302 27 26
764 303 27 26
764 303 27 26
764 304 27 26
764 304 27 26
765 304 27 26
765 304 27 26
765 305 27 26
765 306 27 26
765 306 27 26
765 307 27 26
765 307 27 26
765 308 27 26
765 309 27 26
766 309 27 26
766 310 27 26
766 310 27 26
766 312 27 26
766 312 27 26
766 313 26 25
766 314 26 25
767 315 26 25
767 315 26 25
766 317 26 25
766 318 26 25
766 318 26 25
766 318 27 26
766 319 26 25
766 319 27 26
766 320 27 26
765 321 27 26
765 322 27 26
764 322 27 26
765 323 27 26
765 323 27 26
765 324 27 26
764 325 27 26
764 325 27 26
764 326 27 26
763 326 27 26
763 326 27 26
762 327 27 26
762 327 27 26
761 328 27 26
761 328 27 26
761 328 27 26
759 329 27 26
759 329 27 26
759 329 27 26
758 329 27 26
758 329 27 26
757 329 27 26
756 329 27 26
756 329 27 26
756 329 27 26
755 329 27 26
755 330 26 25
754 329 27 26
754 329 27 26
754 329 27 26
753 328 27 26
751 329 27 26
751 328 27 26
751 328 27 26
750 328 27 26
749 328 27 26
749 328 27 26
748 327 27 26
747 327 27 26
747 326 27 26
745 326 27 26
746 326 27 26
745 326 27 26
744 326 27 26
744 326 26 25
744 326 26 25
743 326 26 25
742 326 26 25
742 325 26 25
741 325 26 25
740 325 26 25
740 325 26 25
739 324 26 25
737 324 26 25
737 324 26 25
736 323 27 26
735 323 27 26
735 323 27 26
733 322 27 26
733 322 27 26
732 322 27 26
732 322 27 26
731 321 27 26
730 321 27 26
729 321 27 26
729 321 27 26
729 321 27 26
727 321 27 26
728 321 27 26
727 320 27 26
727 320 27 26
726 320 27 26
726 320 27 26
726 320 27 26
725 320 27 26
725 319 27 26
726 319 27 26
726 320 27 26
726 319 27 26
726 319 27 26
726 319 27 26
726 319 27 26
726 318 27 26
726 318 27 26
727 318 27 26
727 318 27 26
