634 158 13 22
634 157 13 22
634 157 13 22
634 157 13 22
634 157 13 22
634 157 13 22
634 157 13 22
634 157 13 22
635 157 13 22
635 158 13 22
635 158 13 22
635 158 13 23
636 158 13 22
636 159 13 22
636 158 13 23
636 158 13 23
636 159 13 23
636 159 14 24
637 160 13 23
637 159 14 24
637 159 14 24
637 160 13 23
638 161 13 22
639 164 12 20
638 164 12 20
638 163 13 22
638 164 13 22
638 163 13 23
638 164 13 23
638 165 13 23
637 164 14 24
638 167 13 23
638 167 13 23
638 167 13 23
639 167 13 23
639 168 13 23
639 169 13 22
639 169 13 22
639 170 13 22
638 170 13 22
639 173 12 20
638 173 12 20
638 172 13 22
638 173 13 22
637 172 13 23
637 172 13 23
637 173 13 22
637 174 13 22
637 174 13 22
636 174 13 22
636 175 13 22
635 174 13 23
635 174 13 23
635 175 13 23
635 175 13 23
634 175 13 23
634 175 13 23
634 175 13 23
634 175 13 23
633 175 13 23
633 175 13 23
632 175 13 23
632 175 13 23
632 176 13 23
632 176 13 23
632 176 13 23
632 176 13 22
632 177 13 22
632 177 13 22
632 177 13 22
632 177 13 22
632 177 13 22
632 177 13 22
632 176 13 23
631 177 13 23
632 177 13 22
632 178 13 22
632 177 13 23
633 177 13 23
632 178 13 23
633 178 13 22
633 179 13 22
633 179 13 23
633 180 13 22
633 179 13 23
633 180 13 23
634 180 14 24
634 181 13 23
634 181 14 24
634 182 13 23
635 182 13 23
635 183 13 23
635 184 13 23
635 184 14 24
636 185 13 23
636 186 13 23
635 186 13 23
635 187 13 23
635 187 14 24
635 188 14 24
636 188 14 24
636 189 14 24
636 190 13 23
636 190 13 23
636 191 13 23
635 192 13 23
636 193 13 22
636 192 13 23
635 193 13 23
635 193 13 23
635 195 13 22
635 195 13 22
635 196 13 22
635 195 13 23
635 196 13 23
635 197 13 22
634 196 13 23
634 197 13 23
633 196 14 24
633 197 14 24
633 198 13 23
633 199 13 22
633 198 13 23
633 198 13 23
633 199 13 22
633 200 13 22
632 199 13 23
632 200 13 23
633 200 13 22
633 201 13 22
633 200 13 23
633 201 13 23
632 201 13 23
632 202 13 23
632 202 13 23
632 202 13 23
632 202 13 23
632 202 13 23
632 202 13 23
633 203 13 23
633 203 13 22
633 204 13 22
633 203 13 23
633 204 13 23
633 204 13 22
633 205 13 22
633 204 13 23
633 204 13 23
633 204 13 23
633 204 13 23
633 205 13 22
633 206 13 22
633 205 13 23
633 205 14 24
633 206 13 23
633 206 13 23
634 207 13 22
634 207 13 22
633 207 13 22
633 206 13 23
633 206 13 23
634 207 13 22
634 207 13 22
634 208 13 22
634 207 13 23
634 207 13 23
634 208 13 23
634 208 13 22
634 208 13 22
634 209 13 22
634 209 13 22
634 208 13 23
634 209 13 23
634 209 13 23
634 209 13 22
634 210 13 22
634 210 13 22
634 210 13 22
634 209 13 23
634 210 13 23
634 210 13 22
634 210 13 22
634 211 13 22
634 210 13 23
634 210 13 23
634 210 13 23
634 210 14 24
634 210 13 23
635 211 13 23
635 211 13 23
635 211 13 22
635 211 13 22
635 211 13 22
635 211 13 22
635 211 13 22
635 212 13 22
635 212 13 22
636 212 13 22
636 212 13 22
636 211 13 23
636 211 13 23
636 211 13 23
636 211 13 23
637 210 14 24
637 211 13 23
638 212 13 22
638 212 13 22
638 212 13 22
638 211 13 23
638 211 13 23
639 212 13 22
639 212 13 22
639 211 13 22
639 211 13 22
640 211 13 22
640 211 13 22
640 211 13 22
640 210 13 23
641 210 13 22
641 210 13 22
641 210 13 23
640 210 13 23
641 209 13 23
641 209 13 23
641 209 13 23
641 209 13 22
641 209 13 22
642 209 13 22
641 208 13 23
641 208 13 23
641 208 13 23
642 209 13 22
642 209 13 22
642 209 13 22
642 208 13 22
641 208 13 22
641 208 13 22
641 208 13 22
641 208 13 22
641 208 13 22
641 208 13 22
642 207 13 22
641 207 13 22
641 207 13 22
641 206 13 22
641 207 13 22
641 207 13 22
641 207 13 22
641 207 13 22
641 207 13 22
641 207 13 22
642 207 13 22
642 207 13 22
642 207 13 22
642 207 13 22
642 206 13 23
642 206 13 23
643 206 13 22
643 206 13 22
643 206 13 22
644 207 13 22
645 206 13 22
645 206 13 22
645 206 13 22
645 206 13 22
646 206 13 22
646 206 13 22
646 205 13 23
646 205 13 23
646 205 13 23
647 205 13 23
646 205 13 23
647 205 13 23
646 205 13 23
647 205 13 23
647 205 13 22
647 205 13 23
647 205 13 23
647 204 13 23
648 205 13 22
648 204 13 22
648 203 13 23
649 204 13 22
649 203 13 22
648 203 13 23
648 202 13 23
647 202 13 23
647 201 13 23
648 202 13 22
648 201 13 22
647 201 13 22
647 200 13 22
647 200 13 23
647 199 13 23
646 199 13 22
645 198 13 23
645 199 13 22
645 198 13 22
644 197 13 22
643 197 13 22
643 197 13 22
643 196 13 22
642 196 13 23
642 195 13 23
642 195 13 22
641 194 13 23
641 194 13 23
640 194 13 23
640 193 13 23
640 194 13 22
639 193 13 22
639 193 13 22
638 193 13 22
638 193 13 22
637 193 13 22
636 193 13 22
636 193 13 22
636 193 13 22
635 192 13 22
635 192 13 22
634 192 13 22
633 191 13 23
634 191 13 23
634 191 13 23
633 191 13 23
633 191 13 23
632 191 13 23
632 192 13 22
632 192 13 22
632 191 13 22
632 191 13 22
631 191 13 22
631 191 13 22
631 191 13 22
631 191 13 22
631 191 13 22
631 192 13 22
630 192 13 22
631 192 13 22
630 191 13 23
630 191 13 23
630 192 13 22
630 191 13 23
630 191 13 23
629 191 13 23
630 192 13 22
630 192 13 22
630 192 13 22
629 191 13 23
629 192 13 23
629 192 13 23
628 192 13 23
628 192 13 23
629 193 13 22
628 192 13 22
628 192 13 22
628 192 13 22
628 192 13 22
627 192 13 22
628 192 13 22
628 192 13 22
627 192 13 22
627 193 13 22
627 193 13 22
627 193 13 22
627 193 13 22
627 193 13 22
627 193 13 22
627 193 13 22
627 192 13 23
626 192 13 23
626 192 13 23
626 192 13 23
626 193 13 23
625 193 13 23
625 193 13 23
624 193 13 23
625 193 13 22
625 193 13 22
624 193 13 22
624 193 13 22
624 193 13 22
624 194 13 22
624 194 13 22
624 194 13 22
624 194 13 22
624 194 13 22
623 193 13 23
624 194 13 22
623 194 13 22
623 194 13 22
623 194 13 22
623 195 13 22
622 194 13 23
622 194 13 23
623 195 13 22
622 194 13 23
622 195 13 23
622 195 13 23
622 195 13 23
622 196 13 22
622 196 13 22
622 196 13 22
622 196 13 22
622 196 13 22
622 195 13 23
621 195 13 23
622 195 13 23
622 196 13 23
621 196 13 23
622 196 13 23
622 197 13 22
621 196 13 23
621 196 13 23
621 196 13 23
621 197 13 23
621 197 13 23
621 197 13 23
621 197 13 23
622 197 13 22
621 197 13 22
621 198 13 22
622 198 13 22
622 198 13 22
622 198 13 22
622 198 13 22
622 198 13 22
622 197 13 23
622 197 13 23
621 197 13 23
622 197 13 23
622 198 13 23
622 198 13 23
622 198 13 23
622 198 13 23
622 199 13 22
622 199 13 22
622 199 13 22
622 199 13 22
622 199 13 22
622 198 13 23
622 198 13 23
623 198 13 23
622 198 13 23
623 198 13 23
623 198 13 23
623 198 13 23
623 199 13 23
623 199 13 23
623 199 13 23
623 199 13 23
623 199 13 23
623 200 13 22
623 200 13 22
623 200 13 22
623 199 13 22
623 199 13 22
624 199 13 22
624 199 13 22
624 199 13 22
624 199 13 22
624 199 13 22
624 199 13 22
624 199 13 22
624 199 13 22
624 199 13 22
624 199 13 22
624 198 13 23
624 198 13 23
624 198 13 23
624 198 13 23
624 198 13 23
624 198 13 23
624 199 13 22
624 199 13 22
624 199 13 22
624 199 13 22
624 199 13 22
625 199 13 22
624 198 13 23
625 198 13 23
625 198 13 23
625 199 13 22
625 199 13 22
625 199 13 22
624 199 13 22
624 198 13 23
624 198 13 23
624 198 13 23
625 198 13 23
625 198 13 23
624 198 13 23
625 199 13 22
625 199 13 22
625 199 13 22
625 199 13 22
625 198 13 23
625 198 13 23
625 199 13 23
625 199 13 23
625 199 13 23
625 199 13 23
625 200 13 22
625 200 13 22
625 200 13 22
625 200 13 22
625 200 13 22
625 200 13 22
625 201 12 20
625 200 13 22
625 201 13 22
625 201 13 22
626 201 13 22
626 201 13 22
626 201 13 22
626 202 13 22
626 202 13 22
625 201 13 23
625 202 13 23
626 202 13 22
626 202 13 22
626 203 13 22
625 203 13 22
625 203 13 22
625 203 13 22
625 204 13 22
625 204 13 22
625 204 13 22
625 204 13 22
625 204 13 22
625 204 13 22
625 204 13 22
624 204 13 22
625 204 13 22
625 205 13 22
625 204 13 22
625 204 13 22
625 204 13 22
625 204 13 22
625 204 13 22
625 203 13 22
625 204 13 22
626 203 13 22
626 203 13 22
625 202 13 23
626 202 13 23
626 202 13 22
626 202 13 22
626 201 13 23
626 202 13 22
627 201 13 22
627 200 13 23
627 200 13 23
627 200 13 23
628 200 13 23
628 199 13 23
628 199 13 23
628 199 13 23
628 198 13 23
628 198 13 23
628 198 13 23
628 197 13 23
628 197 13 23
628 197 13 23
629 197 13 23
629 197 13 23
628 197 13 23
628 197 13 23
628 196 13 23
628 196 13 23
628 196 13 23
628 196 13 23
628 196 13 23
627 196 13 23
628 196 13 22
628 196 13 22
627 197 13 22
627 197 13 23
626 197 13 23
626 197 13 23
626 197 13 23
626 198 13 23
625 198 13 22
625 199 13 22
624 198 13 23
624 198 13 23
624 199 13 23
624 199 13 22
624 200 13 22
623 199 13 23
623 199 13 23
623 200 13 23
623 200 13 22
623 201 13 22
623 201 13 22
623 201 13 23
623 201 13 23
623 201 13 23
623 201 13 23
624 201 13 23
624 201 13 23
624 201 13 22
625 201 13 22
626 201 13 22
626 201 13 22
626 201 13 23
627 200 13 23
627 201 13 22
628 201 13 22
629 201 13 22
630 201 13 22
630 200 13 22
631 200 13 22
633 200 13 22
633 200 13 22
634 200 13 23
635 199 13 23
635 199 13 23
636 199 13 23
638 199 13 23
639 199 13 23
640 199 13 23
641 199 13 23
642 199 13 23
644 199 13 23
645 199 13 23
647 199 13 22
648 199 13 22
650 199 13 22
652 200 13 22
653 200 13 22
653 199 13 23
654 199 13 23
655 199 13 23
657 199 13 23
657 199 13 23
658 199 13 23
660 199 13 23
660 198 13 23
663 199 13 22
664 198 13 22
665 198 13 22
667 198 13 22
668 197 13 23
668 196 13 23
669 196 13 23
670 195 13 23
671 195 13 23
672 195 13 23
673 194 13 23
674 194 13 23
675 194 13 23
677 193 13 23
677 193 13 23
678 192 13 23
679 192 13 23
679 192 13 23
680 192 13 23
680 191 13 23
682 191 13 23
682 191 13 23
683 191 13 23
683 190 14 24
684 190 14 24
685 189 14 24
685 189 14 24
686 189 13 23
687 189 13 22
687 189 13 23
688 189 13 23
688 188 13 23
689 187 13 23
690 187 13 23
690 187 13 23
690 187 13 23
690 187 13 23
691 186 13 23
691 186 13 23
691 186 13 23
692 186 13 23
692 185 13 23
692 185 13 23
693 184 14 24
693 184 13 23
693 184 13 23
693 183 14 24
694 183 13 23
694 183 13 23
694 183 13 23
695 183 13 23
695 182 13 23
695 181 14 24
696 181 13 23
696 181 13 23
696 180 13 23
696 180 13 23
697 180 13 23
697 179 13 23
697 178 14 24
698 178 13 23
698 177 14 24
699 177 13 23
699 176 14 24
700 176 13 23
700 175 14 24
701 174 14 24
701 174 14 24
701 174 13 23
701 173 14 24
701 172 15 25
701 172 14 24
702 171 14 24
702 171 14 24
703 170 14 24
703 171 13 23
703 170 13 23
703 169 13 23
704 168 14 24
704 168 13 23
703 167 14 24
704 165 14 24
704 165 14 24
704 165 14 24
705 164 14 24
704 162 14 24
705 162 14 24
705 162 14 24
705 162 13 23
705 161 14 24
705 160 14 24
705 160 14 24
706 159 14 24
706 159 13 23
705 158 14 24
705 158 14 24
705 157 14 24
706 157 13 23
705 156 14 24
705 155 14 24
705 155 14 24
705 155 14 24
705 155 14 24
705 155 14 24
705 155 14 24
704 154 14 24
704 154 14 24
704 155 14 24
704 155 14 24
703 155 14 24
703 155 14 24
703 155 14 24
702 155 14 24
702 156 13 23
702 155 14 24
701 156 14 24
700 156 14 24
700 157 14 24
699 157 14 24
698 158 14 24
698 159 13 23
698 158 14 24
696 159 15 25
696 160 14 24
696 161 13 23
695 162 13 23
694 163 13 23
694 163 14 24
692 164 14 24
692 165 14 24
691 165 14 24
691 166 14 24
690 167 13 23
689 167 14 24
689 167 13 23
688 167 14 24
688 168 14 24
687 168 14 24
687 169 13 23
687 171 14 24
687 171 14 24
687 171 13 23
687 172 13 23
686 172 13 23
686 173 13 23
686 173 14 24
686 174 13 23
686 174 13 23
686 175 13 23
686 175 13 22
686 176 13 22
686 176 13 22
687 176 13 22
687 177 13 22
687 177 13 22
688 177 13 22
687 178 13 22
687 178 13 22
688 178 13 22
688 179 13 22
688 178 13 23
688 179 13 23
688 178 14 24
688 179 14 24
689 179 13 23
689 180 13 23
689 180 13 23
690 181 13 22
690 181 13 22
690 181 13 22
690 181 13 22
690 181 13 22
690 181 13 22
690 181 13 23
690 181 13 23
691 181 13 23
691 181 13 23
691 181 13 22
691 181 13 22
691 182 13 22
691 182 13 22
692 182 13 22
692 182 13 22
693 182 13 22
693 182 13 22
692 182 13 23
693 182 13 23
693 182 13 23
693 182 13 23
693 182 13 23
694 182 13 23
693 182 13 23
694 182 13 23
694 183 13 22
695 182 13 23
694 183 13 23
694 182 14 24
694 182 14 24
695 182 14 24
696 183 13 23
696 183 13 23
696 183 13 23
696 183 13 23
696 183 13 23
696 183 14 24
696 183 14 24
697 183 14 24
697 183 14 24
697 183 14 24
697 183 13 23
698 183 13 23
697 183 13 23
698 183 13 23
698 184 13 22
699 184 13 22
699 184 13 22
699 183 13 23
699 183 13 23
700 183 13 23
700 183 13 23
699 183 13 23
699 183 13 23
699 183 13 23
700 183 13 23
700 183 13 23
700 182 13 23
699 182 13 23
700 182 13 23
700 182 13 22
700 182 13 22
700 182 13 22
700 181 13 23
700 181 13 23
700 181 13 23
701 181 13 23
701 181 13 23
701 181 13 23
701 180 14 24
700 181 14 24
700 181 14 24
700 180 14 24
700 180 14 24
700 180 14 24
700 180 14 24
700 180 14 24
700 180 14 24
700 180 14 24
700 180 14 24
700 180 14 24
700 180 14 24
700 180 14 24
700 179 14 24
700 179 14 24
700 180 13 23
700 180 13 23
699 180 13 23
700 179 13 23
700 179 13 23
699 179 13 23
699 179 13 22
699 178 13 23
698 178 13 23
699 178 13 23
698 178 13 23
698 178 13 23
698 178 13 23
698 178 13 23
698 177 13 23
698 177 13 23
697 177 13 23
697 177 13 23
698 177 13 22
698 177 13 22
697 177 13 22
697 177 13 22
697 176 13 22
696 176 13 23
697 175 13 23
697 175 13 23
696 174 14 24
696 175 13 23
696 175 13 23
696 174 13 23
696 174 13 23
696 174 13 22
696 174 13 23
695 173 13 23
695 173 13 23
695 173 13 23
695 172 14 24
696 172 13 23
696 172 13 23
696 172 13 22
695 172 13 23
695 171 13 23
695 171 13 23
694 170 14 24
694 170 14 24
695 170 13 23
695 170 13 23
694 170 13 23
694 170 13 23
694 170 13 23
694 170 13 23
694 170 13 23
694 170 13 23
694 170 13 23
694 170 13 23
693 170 13 23
693 170 13 23
692 170 13 23
692 170 13 23
692 170 13 23
691 170 13 23
691 170 13 23
690 170 13 23
690 170 13 23
690 170 13 23
689 170 13 23
689 170 13 23
688 170 13 23
688 170 13 23
687 171 13 23
687 171 13 23
685 172 13 23
685 172 13 22
684 173 13 22
683 173 13 23
682 173 14 24
681 174 13 23
681 175 13 22
679 174 13 23
679 175 13 23
678 175 13 23
676 177 14 24
676 177 14 24
675 178 13 23
673 179 13 23
673 179 13 23
672 179 14 24
670 181 13 23
669 182 13 23
668 183 13 22
667 184 13 22
666 184 13 23
664 185 13 23
663 186 13 23
663 186 13 23
661 187 13 23
661 188 13 22
660 188 13 23
660 189 13 22
659 189 13 23
659 189 13 22
659 190 13 22
659 190 13 23
659 190 13 22
658 191 13 22
657 191 13 23
657 191 13 22
657 191 13 22
656 192 13 22
655 191 13 23
655 191 13 23
656 191 13 23
655 191 13 23
655 191 13 23
655 191 13 23
654 191 13 23
654 190 13 23
653 189 14 24
654 190 13 23
654 188 13 23
653 188 13 23
653 186 13 23
653 186 13 23
653 186 13 23
653 185 13 23
652 184 13 23
652 184 13 23
651 183 13 23
651 182 13 23
651 181 13 23
650 179 13 23
650 179 13 23
649 177 13 23
649 177 13 23
648 176 14 24
648 175 14 24
648 174 14 24
647 173 14 24
647 172 13 23
647 172 13 23
647 171 13 23
646 170 13 23
645 169 13 23
644 169 13 23
643 168 13 23
643 167 13 23
643 167 13 23
642 166 13 23
642 165 14 24
640 164 15 25
640 164 14 24
640 163 13 23
638 163 14 24
637 163 14 24
636 163 14 24
636 163 14 24
636 163 14 24
635 162 14 24
635 161 14 24
634 161 14 24
633 161 14 24
633 161 14 24
633 161 14 24
632 161 14 24
631 161 14 24
631 160 14 24
630 160 14 24
630 160 14 24
630 159 14 24
630 159 14 24
630 159 13 23
630 158 14 24
630 159 13 23
630 158 13 23
630 157 14 24
629 157 14 24
629 156 14 24
630 157 13 23
630 156 13 23
630 156 13 22
630 155 13 23
630 154 14 24
630 154 13 23
630 154 14 24
631 153 14 24
631 153 14 24
631 152 14 24
632 152 14 24
632 151 14 24
632 152 13 23
632 151 13 23
633 150 14 24
633 150 14 24
634 150 14 24
634 149 14 24
635 149 13 23
634 148 14 24
635 148 14 24
636 149 13 23
636 148 13 23
637 148 13 23
637 148 13 23
636 147 13 23
637 147 14 24
637 147 14 24
637 146 14 24
638 145 15 25
638 145 15 25
639 146 14 24
639 145 14 24
640 145 14 24
641 145 14 24
641 145 14 24
641 144 14 24
642 144 14 24
643 143 14 24
643 144 14 24
644 144 14 24
644 144 14 24
644 143 14 24
645 143 14 24
645 143 14 24
645 143 14 24
645 143 14 24
645 143 14 24
646 143 14 24
646 143 14 24
646 143 13 23
647 143 13 23
647 143 13 23
647 144 13 23
647 144 13 23
647 144 13 23
647 144 13 23
648 143 13 23
648 143 13 23
648 143 13 23
648 143 13 23
648 143 13 23
647 143 13 23
647 143 13 23
647 143 13 23
647 143 13 23
647 143 13 23
647 143 13 23
647 143 13 23
646 143 13 23
645 143 13 23
645 143 13 23
645 143 13 23
645 143 13 23
645 143 13 23
644 143 13 23
643 143 13 23
642 143 13 23
642 143 13 23
642 144 13 23
641 144 13 23
640 144 13 23
640 144 13 23
639 144 13 23
639 144 13 23
638 144 13 23
637 144 13 23
636 144 13 23
635 144 13 23
635 145 13 22
634 144 13 23
634 144 14 24
634 144 13 23
633 145 13 23
633 145 13 23
632 145 13 23
631 144 14 24
631 145 13 23
631 145 13 23
629 145 13 23
630 146 13 23
629 146 14 24
628 146 14 24
627 146 14 24
628 147 13 23
626 147 14 24
627 147 13 23
626 148 13 23
625 148 13 23
625 148 13 23
625 148 13 23
625 149 13 23
625 148 14 24
624 149 14 24
624 149 14 24
624 149 14 24
624 149 14 24
623 150 14 24
623 150 13 23
623 150 13 23
622 150 13 23
623 151 13 23
622 151 13 23
622 151 13 23
622 151 13 23
622 151 13 23
622 151 13 23
622 151 13 23
621 151 13 23
622 151 13 22
622 151 13 22
622 151 13 22
622 151 13 22
622 150 13 23
622 151 13 23
622 151 13 23
622 151 13 23
622 151 13 23
622 151 13 23
622 151 13 23
623 150 13 23
623 150 13 23
624 150 13 23
624 150 13 23
624 150 13 23
624 150 13 23
625 150 13 23
625 150 13 23
625 150 13 23
626 151 13 23
626 151 13 23
626 151 13 23
627 151 13 23
627 152 13 22
628 151 13 23
628 151 13 23
628 152 13 23
629 153 13 22
629 153 13 22
629 153 13 23
629 153 13 22
630 154 13 22
630 153 13 23
630 154 13 23
631 154 13 22
632 155 13 22
632 155 13 22
632 155 13 22
633 156 13 22
632 155 13 23
633 156 13 23
633 155 14 24
633 156 13 23
634 156 13 23
634 156 13 23
634 157 13 23
634 157 13 22
634 158 13 22
634 158 13 22
635 158 13 22
635 158 13 22
635 158 13 22
634 159 13 22
634 158 13 23
635 159 13 23
635 159 13 23
635 160 13 22
635 160 13 22
635 160 13 22
635 160 13 22
636 160 13 22
635 160 13 22
635 160 13 22
635 161 13 22
635 161 13 22
635 162 12 20
635 162 13 22
635 161 13 23
635 162 13 23
635 162 13 22
636 163 13 22
636 162 13 23
636 163 13 22
636 164 13 22
636 164 13 23
636 164 13 22
636 165 13 22
636 166 12 20
637 166 13 22
638 167 12 20
637 167 13 22
638 168 12 20
638 167 13 22
638 169 13 23
638 169 13 23
639 170 13 22
639 170 13 22
639 170 13 22
639 171 13 22
640 171 13 22
640 173 13 23
641 173 13 23
641 173 13 22
641 174 13 22
642 174 12 20
642 175 12 20
643 174 13 22
642 176 13 23
643 176 13 23
644 176 13 22
645 177 13 22
645 177 12 20
646 178 11 19
645 179 12 20
646 178 13 22
646 178 13 22
647 179 13 22
648 179 12 20
648 180 12 20
649 181 11 19
649 180 12 20
650 182 11 19
650 181 12 20
650 181 12 20
651 182 11 19
651 183 12 20
651 183 12 20
653 183 12 20
652 183 12 20
653 184 11 19
653 183 12 20
654 184 11 19
654 184 12 20
653 183 13 22
653 184 13 22
654 184 12 20
654 185 12 20
653 185 13 22
654 185 13 22
654 185 13 22
654 186 12 20
655 187 11 19
655 187 12 20
655 187 11 19
655 187 11 19
655 187 12 20
655 187 12 20
656 188 11 19
655 188 11 19
655 188 11 19
655 188 11 19
655 188 11 19
655 189 11 19
655 188 11 19
655 189 12 20
655 188 12 20
655 189 12 20
655 189 12 20
655 189 12 20
656 189 12 20
655 189 12 20
656 189 11 19
656 190 11 19
656 190 11 19
656 190 11 19
656 190 11 19
656 190 12 20
656 190 12 20
656 190 12 20
656 190 12 20
656 190 12 20
656 190 13 22
656 190 13 22
656 190 13 22
656 190 13 22
657 190 12 20
656 190 12 20
657 190 12 20
657 190 12 20
657 190 12 20
657 190 12 20
657 190 12 20
658 191 11 19
658 190 11 19
658 191 11 19
658 190 12 20
658 190 12 20
658 189 13 22
658 189 13 22
658 189 13 22
658 189 13 22
659 190 12 20
659 190 12 20
659 190 12 20
659 190 11 19
660 190 11 19
660 189 11 19
660 190 11 19
660 189 12 20
660 189 12 20
660 190 11 19
661 190 11 19
661 189 12 20
661 189 12 20
661 189 12 20
661 189 13 22
661 188 13 22
662 188 13 22
662 188 13 22
662 188 13 22
663 189 12 20
663 189 11 19
664 189 11 19
664 189 12 20
664 189 12 20
664 188 12 20
664 188 12 20
665 188 11 19
665 189 11 19
665 188 12 20
665 188 13 22
665 188 13 22
665 188 13 22
666 187 13 22
666 187 13 22
667 187 13 22
667 187 13 22
667 187 13 22
667 186 13 23
667 186 13 23
667 187 13 22
667 186 13 22
668 186 13 22
668 186 13 22
669 186 13 22
669 186 12 20
669 187 12 20
669 187 12 20
669 186 12 20
669 186 12 20
670 186 11 19
669 187 12 20
669 186 12 20
670 186 12 20
670 186 12 20
670 186 12 20
670 186 12 20
671 187 11 19
670 186 12 20
670 187 12 20
670 187 12 20
670 187 12 20
670 187 13 22
670 187 13 22
671 188 12 20
671 188 12 20
671 188 12 20
671 188 12 20
671 188 13 22
670 188 13 22
671 188 13 22
671 188 13 22
671 188 13 22
671 188 13 22
671 188 13 22
671 188 13 22
671 188 13 22
671 189 12 20
671 189 11 19
671 189 11 19
672 188 11 19
672 189 11 19
671 188 12 20
671 188 12 20
671 188 11 19
672 188 11 19
672 188 11 19
672 187 11 19
672 187 11 19
672 186 11 19
672 186 11 19
671 186 11 19
671 185 12 20
671 185 12 20
670 185 12 20
670 184 12 20
670 183 13 22
670 184 12 20
670 184 11 19
670 182 12 20
670 182 11 19
669 182 12 20
668 182 12 20
668 181 12 20
667 180 13 22
666 179 13 23
666 180 13 22
666 179 13 22
665 178 13 23
664 178 13 22
664 179 12 20
664 178 12 20
663 178 13 22
661 177 13 22
661 177 13 22
661 177 13 22
661 177 13 22
660 176 13 22
659 176 13 22
659 175 13 22
658 175 13 23
658 174 13 23
658 175 13 22
658 175 13 22
658 174 13 22
657 174 13 22
657 174 13 22
657 174 12 20
657 174 12 20
656 174 12 20
657 174 11 19
656 175 11 19
656 175 11 19
655 174 12 20
655 174 12 20
656 174 12 20
655 173 13 22
655 173 13 22
655 173 13 22
655 173 13 22
655 174 12 20
655 174 11 19
655 174 11 19
655 174 11 19
656 174 11 19
656 174 11 19
656 174 11 19
656 173 12 20
656 173 12 20
656 173 12 20
656 173 12 20
656 173 12 20
657 173 12 20
656 174 12 20
657 173 12 20
657 173 12 20
657 173 12 20
657 174 12 20
657 173 12 20
657 173 12 20
657 173 12 20
657 173 12 20
657 173 12 20
658 173 12 20
657 174 12 20
658 174 11 19
658 174 11 19
658 174 11 19
658 174 11 19
658 174 11 19
658 174 11 19
658 174 11 19
657 175 11 19
657 174 11 19
657 175 11 19
657 174 12 20
657 174 12 20
657 174 12 20
656 175 12 20
656 175 12 20
657 175 12 20
657 176 11 19
657 175 11 19
657 176 11 19
656 176 11 19
656 176 11 19
656 175 12 20
655 175 12 20
656 176 11 19
655 177 11 19
655 176 11 19
655 177 11 19
655 176 12 20
655 176 12 20
655 176 12 20
655 176 12 20
655 177 12 20
656 178 11 19
655 177 11 19
655 178 11 19
655 178 11 19
655 178 11 19
655 178 11 19
656 178 11 19
656 178 11 19
656 178 11 19
656 179 11 19
656 179 11 19
656 178 12 20
657 179 11 19
657 179 11 19
657 178 11 19
657 179 11 19
657 179 12 20
657 179 12 20
657 179 12 20
657 179 12 20
657 179 11 19
657 179 11 19
658 179 11 19
658 179 11 19
658 179 12 20
658 179 12 20
658 179 11 19
658 180 11 19
659 179 11 19
658 179 12 20
659 179 12 20
659 179 12 20
659 179 12 20
659 179 12 20
659 179 12 20
659 179 12 20
660 179 11 19
660 179 12 20
660 178 13 22
660 178 13 22
660 178 13 22
661 178 12 20
662 179 11 19
662 179 11 19
662 179 11 19
662 179 11 19
662 179 11 19
662 179 11 19
662 180 11 19
662 178 12 20
662 178 12 20
662 178 12 20
662 179 11 19
663 179 11 19
663 178 12 20
662 178 13 22
663 178 12 20
663 178 12 20
663 178 12 20
663 179 11 19
664 179 11 19
664 179 11 19
664 179 12 20
664 179 12 20
663 179 12 20
663 179 12 20
664 179 11 19
664 179 11 19
664 179 11 19
664 179 11 19
664 179 12 20
664 179 11 19
663 179 11 19
663 179 11 19
663 179 11 19
663 178 12 20
662 178 12 20
662 178 12 20
662 178 12 20
662 178 12 20
662 178 12 20
661 178 12 20
662 179 11 19
661 178 12 20
661 178 12 20
660 178 11 19
660 177 12 20
659 177 12 20
659 177 12 20
658 177 12 20
658 177 11 19
658 178 11 19
658 178 11 19
658 178 11 19
657 176 12 20
656 177 12 20
656 177 11 19
656 176 12 20
655 177 11 19
655 176 12 20
654 176 12 20
654 176 12 20
653 176 12 20
652 176 12 20
652 177 11 19
652 176 12 20
652 177 11 19
651 176 12 20
650 176 12 20
650 176 12 20
650 177 11 19
649 178 11 19
649 177 11 19
648 177 11 19
647 177 12 20
647 178 11 19
647 178 11 19
647 178 11 19
646 178 12 20
645 178 12 20
645 178 12 20
644 178 12 20
644 178 11 19
644 178 11 19
644 178 11 19
644 178 12 20
644 178 12 20
643 178 12 20
644 178 11 19
644 178 11 19
643 178 11 19
643 178 11 19
643 178 11 19
644 178 11 19
644 178 11 19
644 178 11 19
644 177 11 19
644 178 11 19
644 177 12 20
644 177 12 20
644 177 12 20
645 177 11 19
645 177 12 20
645 177 12 20
646 178 11 19
646 177 12 20
646 177 11 19
647 177 11 19
647 176 12 20
647 176 12 20
648 176 12 20
649 176 11 19
649 175 12 20
651 176 11 19
650 175 11 19
651 176 11 19
651 176 11 19
652 176 11 19
653 175 11 19
653 174 12 20
654 174 12 20
654 174 12 20
655 173 12 20
655 173 11 19
657 173 12 20
657 173 11 19
658 173 11 19
658 172 12 20
660 172 12 20
660 172 11 19
661 172 11 19
661 171 11 19
663 171 12 20
663 171 12 20
664 171 11 19
665 170 11 19
665 170 12 20
665 170 11 19
666 170 11 19
666 169 12 20
666 168 12 20
667 169 11 19
667 168 11 19
667 168 12 20
667 168 11 19
668 168 11 19
668 168 11 19
668 167 11 19
668 167 12 20
668 167 12 20
668 167 12 20
668 167 12 20
668 167 12 20
668 167 12 20
667 167 12 20
667 167 12 20
667 167 12 20
667 167 12 20
667 167 12 20
667 167 12 20
667 167 12 20
667 168 11 19
666 169 11 19
666 169 11 19
665 169 11 19
665 169 12 20
665 169 11 19
664 170 11 19
663 170 12 20
663 170 12 20
663 170 12 20
663 170 12 20
663 170 12 20
663 170 11 19
663 171 11 19
662 171 11 19
662 171 12 20
662 171 11 19
661 171 11 19
661 171 12 20
661 171 12 20
661 171 12 20
660 171 12 20
660 171 12 20
659 171 12 20
659 172 11 19
659 172 11 19
659 172 11 19
659 172 11 19
659 172 11 19
658 171 11 19
658 171 12 20
658 171 11 19
657 171 12 20
657 171 12 20
656 171 12 20
656 171 12 20
655 171 12 20
655 171 12 20
654 171 12 20
653 171 12 20
652 171 13 22
652 171 12 20
652 171 12 20
651 172 12 20
651 171 13 22
650 171 13 22
649 172 13 22
648 173 12 20
648 174 11 19
648 173 12 20
647 174 11 19
646 175 11 19
646 175 11 19
645 175 12 20
643 176 12 20
643 177 11 19
643 176 12 20
642 176 13 22
641 176 12 20
641 178 11 19
641 177 12 20
640 178 11 19
639 178 12 20
639 178 12 20
639 178 12 20
639 179 11 19
638 180 11 19
638 180 11 19
637 180 12 20
637 180 12 20
637 180 12 20
636 180 12 20
636 181 12 20
636 181 13 22
636 181 12 20
636 181 12 20
636 182 12 20
635 181 13 22
635 182 13 22
635 183 12 20
636 184 11 19
636 183 11 19
636 184 11 19
636 184 11 19
636 185 11 19
636 184 12 20
635 184 12 20
635 184 13 22
635 184 12 20
635 185 12 20
636 186 11 19
636 186 11 19
636 186 11 19
636 186 11 19
636 186 12 20
636 186 12 20
636 186 12 20
636 186 12 20
636 187 11 19
637 187 11 19
637 187 11 19
637 187 12 20
637 187 12 20
637 187 12 20
637 187 13 22
638 187 13 22
638 187 12 20
638 187 12 20
639 188 11 19
639 188 11 19
639 187 12 20
640 188 11 19
640 188 12 20
640 189 11 19
640 188 11 19
641 189 11 19
641 189 11 19
641 188 11 19
641 189 11 19
641 189 11 19
641 188 11 19
641 188 12 20
641 188 12 20
641 188 11 19
642 188 11 19
642 188 12 20
642 188 11 19
643 189 11 19
642 188 12 20
643 188 12 20
642 187 12 20
642 188 12 20
642 188 12 20
643 189 11 19
643 189 11 19
643 189 11 19
643 189 12 20
643 189 12 20
643 189 12 20
643 189 12 20
643 189 12 20
643 190 11 19
643 190 11 19
643 190 11 19
643 190 11 19
643 190 12 20
643 190 12 20
643 190 12 20
644 191 12 20
643 191 12 20
643 191 12 20
643 191 13 22
644 191 12 20
644 191 12 20
644 192 11 19
645 193 11 19
645 192 12 20
645 192 12 20
646 192 12 20
646 192 12 20
648 192 12 20
648 193 12 20
648 193 12 20
648 194 11 19
649 193 11 19
649 193 12 20
650 193 11 19
650 193 12 20
651 194 11 19
651 193 12 20
652 194 11 19
652 194 11 19
653 194 11 19
652 193 12 20
653 193 12 20
653 193 12 20
654 193 11 19
656 194 11 19
655 194 11 19
655 193 11 19
656 193 11 19
656 193 12 20
656 193 12 20
656 193 11 19
657 193 11 19
657 194 11 19
657 192 12 20
657 193 12 20
657 193 12 20
657 193 12 20
658 193 11 19
658 193 12 20
657 193 12 20
657 193 12 20
657 193 12 20
658 193 11 19
657 193 12 20
657 193 12 20
656 193 12 20
656 193 11 19
656 193 12 20
656 193 11 19
655 194 11 19
655 192 12 20
654 193 11 19
654 192 12 20
653 192 12 20
653 192 12 20
653 192 12 20
652 192 12 20
652 192 12 20
652 193 12 20
652 193 11 19
651 192 12 20
651 192 12 20
650 193 11 19
650 192 12 20
649 192 12 20
649 192 12 20
648 192 12 20
648 192 12 20
648 192 12 20
648 192 11 19
647 192 11 19
646 192 12 20
646 192 11 19
646 192 12 20
645 193 11 19
645 191 12 20
644 192 12 20
644 192 12 20
644 192 12 20
644 192 11 19
643 192 11 19
643 192 12 20
642 192 12 20
642 192 12 20
642 192 11 19
642 192 12 20
642 193 11 19
641 193 11 19
641 192 11 19
641 192 11 19
641 192 12 20
641 192 11 19
640 193 11 19
640 192 12 20
640 192 12 20
639 192 12 20
640 193 11 19
639 192 11 19
639 192 12 20
639 192 12 20
638 192 12 20
638 192 12 20
638 192 12 20
638 192 12 20
638 192 12 20
637 192 12 20
637 192 12 20
637 192 12 20
637 192 12 20
637 193 12 20
637 192 12 20
637 192 12 20
637 192 12 20
636 193 12 20
636 193 11 19
636 193 11 19
636 193 11 19
636 193 11 19
636 193 11 19
636 193 11 19
636 192 12 20
635 192 12 20
635 192 12 20
635 192 12 20
635 193 12 20
635 193 12 20
635 193 12 20
635 194 11 19
635 194 11 19
635 194 11 19
635 193 12 20
635 194 12 20
635 194 12 20
635 194 12 20
634 194 13 22
634 195 12 20
634 195 12 20
634 195 13 22
634 195 13 22
634 196 12 20
634 196 12 20
634 196 13 22
635 196 12 20
634 197 12 20
634 197 12 20
634 197 12 20
635 198 11 19
635 198 11 19
635 198 12 20
635 198 12 20
634 199 12 20
634 199 12 20
635 199 12 20
635 199 12 20
635 200 12 20
635 200 12 20
635 200 12 20
635 200 12 20
635 201 12 20
635 200 13 22
636 201 13 22
636 201 12 20
635 202 12 20
636 202 12 20
636 202 12 20
635 202 13 22
636 202 13 22
637 202 12 20
637 203 12 20
637 203 12 20
637 203 12 20
637 203 12 20
638 203 12 20
638 203 12 20
638 203 12 20
639 204 11 19
639 203 11 19
639 204 11 19
639 204 11 19
640 204 11 19
640 203 12 20
641 204 11 19
641 203 12 20
641 204 11 19
642 204 11 19
642 204 12 20
643 204 11 19
644 204 11 19
644 203 11 19
645 204 11 19
645 204 11 19
646 203 11 19
646 203 12 20
647 203 12 20
648 203 11 19
648 202 12 20
649 203 11 19
649 202 12 20
651 203 11 19
651 203 11 19
651 202 12 20
652 202 12 20
652 202 12 20
653 202 12 20
654 201 13 22
654 202 13 22
655 202 13 22
656 201 13 22
656 202 13 22
656 202 13 22
657 202 13 22
657 202 13 22
657 202 13 22
657 202 12 20
658 202 12 20
658 203 12 20
659 203 12 20
658 204 12 20
658 204 12 20
659 204 12 20
658 204 12 20
658 205 12 20
659 204 12 20
658 204 12 20
658 204 12 20
658 204 12 20
658 204 12 20
658 204 12 20
658 205 12 20
657 205 12 20
657 205 12 20
657 205 12 20
656 205 12 20
656 205 12 20
656 205 12 20
655 205 12 20
655 205 12 20
655 205 12 20
655 205 11 19
653 205 12 20
653 205 12 20
652 205 12 20
652 205 12 20
652 205 12 20
652 205 12 20
651 205 12 20
651 205 12 20
651 206 11 19
651 206 11 19
651 206 11 19
651 206 11 19
651 207 11 19
651 207 11 19
650 207 11 19
650 206 12 20
649 206 12 20
649 207 12 20
649 206 13 22
649 207 13 22
649 207 12 20
649 207 12 20
649 208 12 20
649 208 12 20
649 208 12 20
649 208 13 22
649 208 12 20
649 208 13 22
649 208 12 20
649 209 11 19
649 208 11 19
649 209 11 19
650 208 11 19
650 208 11 19
650 208 12 20
650 207 12 20
650 207 12 20
650 207 12 20
650 206 12 20
650 206 12 20
651 206 11 19
651 205 12 20
651 204 12 20
651 203 13 22
651 203 12 20
651 203 11 19
651 202 11 19
651 202 11 19
652 202 11 19
652 200 12 20
652 200 12 20
653 199 12 20
652 198 13 22
653 198 12 20
654 198 11 19
653 197 12 20
654 197 12 20
654 196 12 20
655 196 11 19
655 195 12 20
655 194 12 20
655 194 12 20
656 193 12 20
656 193 12 20
656 192 13 22
657 192 12 20
656 192 12 20
656 191 12 20
657 191 12 20
657 191 12 20
658 191 11 19
658 190 12 20
658 190 11 19
659 190 11 19
659 189 11 19
659 190 11 19
659 188 12 20
659 188 12 20
659 188 11 19
659 188 11 19
660 188 11 19
660 188 12 20
661 188 11 19
661 187 11 19
661 187 11 19
661 187 11 19
661 186 12 20
661 186 12 20
661 186 12 20
661 186 12 20
662 186 11 19
661 186 11 19
661 185 11 19
661 185 11 19
661 185 11 19
661 185 11 19
661 185 11 19
660 185 11 19
660 185 11 19
660 185 11 19
660 184 12 20
659 184 12 20
659 184 12 20
660 184 12 20
659 184 12 20
659 184 12 20
659 184 12 20
659 184 12 20
659 184 12 20
659 184 12 20
659 184 12 20
659 184 12 20
659 184 12 20
658 184 12 20
658 185 12 20
658 185 12 20
659 185 11 19
659 186 11 19
659 185 11 19
659 186 11 19
658 185 12 20
658 185 12 20
658 185 13 22
658 185 13 22
658 186 12 20
658 186 12 20
658 186 12 20
658 186 12 20
658 186 12 20
658 186 12 20
658 187 11 19
658 187 11 19
658 186 12 20
658 187 12 20
658 187 12 20
658 187 12 20
657 187 12 20
657 187 12 20
658 188 11 19
658 187 11 19
658 188 11 19
658 188 11 19
658 188 11 19
658 188 11 19
658 188 11 19
658 187 12 20
658 187 12 20
658 187 12 20
658 187 12 20
658 187 12 20
657 187 12 20
657 187 12 20
658 187 12 20
658 187 12 20
658 186 12 20
658 187 11 19
658 186 11 19
659 186 11 19
659 186 11 19
659 186 11 19
659 185 12 20
659 185 12 20
659 185 11 19
659 185 11 19
660 185 11 19
660 184 11 19
659 183 12 20
659 182 13 22
660 182 12 20
660 181 12 20
660 181 12 20
660 181 12 20
660 181 12 20
660 180 12 20
660 180 12 20
661 180 11 19
661 180 11 19
661 180 11 19
661 179 12 20
660 178 13 22
660 178 13 22
661 178 13 22
660 177 13 22
660 177 13 22
660 176 13 22
660 175 13 22
660 176 12 20
661 175 12 20
660 174 13 22
661 175 12 20
661 174 12 20
661 173 13 22
661 173 13 22
661 172 13 22
661 172 13 22
661 171 13 22
663 171 12 20
663 171 12 20
663 170 12 20
663 169 13 22
664 169 12 20
665 168 13 22
665 167 13 22
666 166 13 22
667 166 12 20
666 165 13 22
667 165 12 20
668 165 11 19
668 163 12 20
669 163 11 19
670 163 11 19
670 161 11 19
672 161 12 20
672 158 13 22
674 159 12 20
674 158 12 20
676 158 12 20
677 156 13 22
678 156 12 20
679 155 12 20
679 154 12 20
679 154 12 20
680 154 11 19
679 153 12 20
680 152 12 20
681 151 11 19
681 151 12 20
681 150 13 22
682 150 13 22
682 149 13 22
682 148 13 22
682 149 12 20
682 147 13 22
683 148 12 20
683 147 12 20
683 146 12 20
683 146 12 20
683 146 12 20
683 145 13 22
682 145 13 22
682 144 13 22
682 145 12 20
681 144 12 20
681 144 12 20
681 144 12 20
679 144 11 19
679 145 11 19
679 145 11 19
679 143 12 20
678 143 13 22
678 143 13 22
677 142 13 22
677 143 13 22
676 143 13 22
675 143 13 22
675 143 13 22
675 143 13 22
674 143 12 20
674 143 12 20
674 144 11 19
673 144 11 19
673 143 12 20
673 144 11 19
672 144 11 19
671 143 12 20
671 143 12 20
671 144 12 20
671 144 12 20
670 144 12 20
670 144 12 20
670 144 12 20
670 144 12 20
670 143 13 22
669 144 13 22
670 144 13 22
670 144 13 22
669 144 13 22
669 144 13 22
669 144 12 20
670 145 12 20
669 145 12 20
669 145 12 20
669 145 11 19
669 145 12 20
669 145 12 20
669 145 12 20
669 145 12 20
669 145 12 20
669 145 12 20
669 145 12 20
669 145 12 20
668 145 12 20
668 145 12 20
668 145 12 20
668 145 12 20
668 145 12 20
669 145 12 20
668 144 12 20
668 144 12 20
668 144 12 20
669 144 11 19
669 143 12 20
669 143 12 20
669 143 12 20
669 143 12 20
670 144 11 19
670 143 12 20
670 143 12 20
671 143 11 19
671 143 11 19
671 143 11 19
672 143 11 19
672 143 12 20
673 143 11 19
673 142 12 20
674 142 12 20
674 142 12 20
675 142 11 19
676 143 11 19
676 143 11 19
677 143 11 19
679 142 11 19
679 143 11 19
679 143 12 20
679 142 12 20
680 142 12 20
681 143 11 19
682 144 11 19
682 143 12 20
683 142 13 22
683 143 13 22
684 143 13 22
686 143 12 20
686 144 12 20
688 144 12 20
688 144 13 22
689 144 13 22
689 144 13 22
689 144 13 22
690 144 13 22
691 144 13 22
692 145 12 20
692 145 13 22
693 145 13 22
693 145 13 22
693 146 13 22
694 145 13 22
694 146 13 22
694 146 13 22
695 147 12 20
695 148 11 19
696 148 11 19
696 148 11 19
697 148 11 19
697 148 12 20
697 147 13 22
697 148 13 22
697 148 12 20
698 149 12 20
697 148 13 22
697 149 13 22
697 149 13 22
697 149 13 22
697 150 13 22
698 150 12 20
698 151 12 20
698 151 12 20
698 152 12 20
698 152 13 22
698 153 12 20
698 153 13 22
698 153 12 20
698 154 12 20
697 154 13 22
697 154 12 20
698 155 12 20
697 155 13 22
697 156 12 20
696 156 13 22
696 156 13 22
696 157 12 20
696 156 13 22
696 156 13 22
696 157 13 22
696 157 12 20
696 157 12 20
695 157 12 20
696 158 12 20
695 158 12 20
695 158 12 20
695 158 12 20
694 158 12 20
694 158 12 20
694 158 12 20
693 158 12 20
693 158 11 19
693 158 11 19
693 157 11 19
693 157 12 20
693 157 11 19
692 157 11 19
692 156 12 20
692 156 11 19
691 156 11 19
691 155 12 20
690 156 11 19
690 154 12 20
689 154 12 20
689 155 11 19
689 153 12 20
688 153 13 22
688 152 13 22
688 153 12 20
688 152 12 20
687 152 12 20
687 151 13 22
687 152 12 20
686 152 12 20
686 152 12 20
686 151 12 20
685 151 11 19
685 151 12 20
685 152 11 19
684 151 11 19
684 151 11 19
683 151 11 19
683 151 11 19
682 151 11 19
682 151 12 20
682 151 11 19
681 150 12 20
681 150 12 20
680 150 12 20
680 150 12 20
680 150 12 20
680 151 11 19
679 151 11 19
679 151 12 20
678 151 12 20
678 151 12 20
677 150 13 22
677 150 13 22
677 151 13 22
676 151 13 22
676 151 13 22
676 151 13 22
675 152 13 22
675 151 13 22
675 151 13 22
675 152 13 22
675 152 12 20
675 152 12 20
675 153 12 20
674 153 12 20
674 153 12 20
675 153 13 22
675 153 12 20
675 153 12 20
675 154 12 20
675 154 12 20
675 154 12 20
675 153 13 22
675 154 13 22
675 154 12 20
676 155 11 19
675 155 12 20
676 155 12 20
676 155 12 20
676 155 11 19
677 155 11 19
677 155 12 20
677 155 12 20
678 156 11 19
678 155 11 19
678 155 11 19
677 155 12 20
678 155 12 20
678 155 11 19
679 155 11 19
678 155 12 20
679 154 12 20
679 154 12 20
679 154 12 20
680 154 11 19
679 154 12 20
680 154 12 20
680 154 12 20
681 154 11 19
681 153 11 19
681 153 12 20
681 152 12 20
681 153 11 19
681 152 11 19
681 152 11 19
681 151 12 20
681 150 12 20
681 151 11 19
681 151 11 19
682 151 11 19
681 149 12 20
682 149 12 20
682 149 12 20
682 149 11 19
682 149 12 20
682 150 11 19
682 148 11 19
682 148 11 19
682 148 12 20
681 147 12 20
681 147 12 20
682 147 12 20
681 146 12 20
681 146 12 20
681 146 12 20
682 146 12 20
682 146 12 20
682 146 12 20
682 146 12 20
682 146 12 20
682 146 11 19
682 146 11 19
682 145 11 19
682 145 12 20
681 145 12 20
681 145 11 19
681 144 11 19
681 145 11 19
681 144 11 19
681 144 11 19
681 144 11 19
682 145 11 19
682 144 11 19
682 144 11 19
682 144 11 19
682 144 11 19
682 144 11 19
682 143 12 20
682 142 13 22
682 142 13 22
682 142 13 22
682 142 13 22
682 141 13 22
682 141 13 22
682 141 13 22
682 140 13 22
682 141 12 20
682 140 12 20
683 140 11 19
682 140 12 20
683 139 12 20
683 139 12 20
683 138 13 22
683 138 12 20
683 138 12 20
684 139 11 19
684 137 11 19
684 138 11 19
684 137 11 19
684 137 11 19
686 136 11 19
686 137 11 19
686 136 11 19
686 136 11 19
687 135 11 19
687 136 11 19
687 134 11 19
687 135 11 19
688 134 11 19
690 134 11 19
690 134 11 19
689 133 12 20
690 133 12 20
692 132 12 20
692 132 12 20
692 132 12 20
694 131 12 20
693 130 13 22
694 130 12 20
695 130 12 20
696 130 12 20
696 129 12 20
696 128 12 20
696 127 13 22
696 126 13 22
696 126 13 22
697 125 13 22
696 123 13 22
696 123 13 22
695 122 13 22
695 121 13 22
694 122 12 20
694 120 12 20
693 119 13 22
692 119 12 20
690 119 12 20
688 117 12 20
687 116 12 20
685 116 13 22
684 115 13 22
682 115 13 22
681 116 12 20
678 116 12 20
676 116 12 20
674 116 12 20
672 116 12 20
670 116 12 20
668 116 12 20
665 117 12 20
663 117 13 22
661 118 12 20
658 119 13 22
655 119 13 22
652 120 13 22
650 120 13 22
651 123 12 20
650 123 13 22
649 125 13 22
649 126 12 20
649 127 12 20
650 128 12 20
650 129 12 20
650 129 12 20
650 130 12 20
652 131 12 20
651 131 13 22
653 132 12 20
652 132 13 22
654 132 12 20
654 132 12 20
655 132 12 20
657 132 12 20
657 132 12 20
658 132 12 20
658 132 12 20
659 133 11 19
659 132 12 20
660 132 12 20
660 132 12 20
662 132 12 20
662 132 12 20
662 132 12 20
663 132 12 20
662 132 12 20
662 132 12 20
662 132 12 20
662 131 13 22
661 131 13 22
661 131 13 22
661 131 12 20
661 132 12 20
661 132 12 20
659 132 12 20
659 132 12 20
658 132 11 19
658 132 12 20
656 132 12 20
654 132 12 20
652 132 12 20
651 132 12 20
649 133 12 20
648 133 12 20
647 135 11 19
646 135 11 19
645 137 11 19
644 137 11 19
643 138 11 19
643 139 11 19
642 139 11 19
641 139 11 19
641 140 11 19
640 140 11 19
640 140 11 19
639 140 11 19
639 140 12 20
639 141 11 19
638 141 11 19
638 141 12 20
638 142 11 19
637 141 12 20
637 142 12 20
637 142 12 20
636 142 12 20
636 142 12 20
636 142 13 22
636 142 13 22
637 142 12 20
636 143 12 20
636 143 12 20
637 143 11 19
637 144 12 20
637 144 12 20
637 144 12 20
638 144 11 19
638 145 11 19
638 144 11 19
638 145 11 19
638 145 12 20
637 145 12 20
637 145 12 20
638 145 11 19
638 146 11 19
638 145 12 20
638 145 12 20
639 146 11 19
638 145 12 20
639 145 12 20
639 145 12 20
639 146 11 19
640 147 11 19
640 146 11 19
640 147 11 19
640 147 11 19
640 147 11 19
640 147 12 20
640 147 12 20
640 147 12 20
640 147 12 20
641 147 11 19
641 147 11 19
641 148 11 19
641 147 11 19
641 148 11 19
641 148 11 19
641 148 12 20
641 148 11 19
641 149 11 19
642 148 11 19
642 149 11 19
642 148 12 20
642 148 12 20
642 148 12 20
642 148 12 20
643 148 13 22
643 148 13 22
644 148 13 22
644 149 12 20
645 149 11 19
646 150 11 19
646 149 11 19
647 150 11 19
648 149 12 20
648 149 12 20
648 149 12 20
648 149 12 20
650 149 12 20
650 148 12 20
651 148 11 19
651 148 12 20
653 147 12 20
653 146 13 22
655 147 12 20
655 146 12 20
656 145 13 22
656 146 12 20
657 146 12 20
658 145 12 20
659 145 11 19
661 144 12 20
662 143 12 20
664 143 11 19
664 141 11 19
666 141 11 19
666 139 12 20
668 138 12 20
668 138 12 20
669 138 11 19
670 138 11 19
671 137 11 19
671 135 11 19
673 134 12 20
672 133 13 22
673 134 12 20
673 131 13 22
673 131 13 22
674 131 13 22
675 132 12 20
675 131 12 20
676 131 12 20
675 131 12 20
675 130 13 22
674 131 13 22
674 131 13 22
673 131 13 22
673 132 13 22
673 133 13 22
672 134 13 22
671 134 12 20
671 136 12 20
670 136 12 20
669 137 12 20
668 139 11 19
667 139 11 19
665 140 12 20
664 140 12 20
663 140 12 20
663 141 12 20
661 142 12 20
660 143 12 20
659 144 11 19
657 145 12 20
655 146 12 20
652 147 12 20
649 149 11 19
647 151 12 20
645 152 11 19
643 154 11 19
641 156 11 19
639 158 11 19
637 159 11 19
636 161 11 19
636 162 11 19
635 163 11 19
634 165 12 20
633 165 13 22
633 166 13 22
633 168 12 20
632 169 12 20
632 171 12 20
632 171 12 20
632 172 12 20
632 173 12 20
632 174 12 20
632 174 13 22
632 175 13 22
632 176 12 20
632 177 12 20
632 177 12 20
633 178 12 20
632 179 12 20
633 179 12 20
632 180 12 20
632 180 12 20
632 180 12 20
632 181 12 20
632 180 13 22
632 181 13 22
633 181 13 22
633 182 13 22
633 182 12 20
633 183 11 19
633 184 11 19
633 184 11 19
633 185 11 19
634 184 11 19
634 185 11 19
633 184 12 20
633 184 13 22
634 184 12 20
634 184 12 20
634 185 12 20
634 186 11 19
635 186 11 19
635 186 12 20
636 187 11 19
636 187 11 19
636 187 11 19
636 187 11 19
636 187 11 19
636 187 11 19
637 188 11 19
637 187 11 19
638 188 11 19
638 188 11 19
638 188 11 19
638 188 11 19
638 188 11 19
638 188 11 19
639 188 11 19
638 188 11 19
638 188 11 19
638 188 11 19
638 188 11 19
638 188 11 19
638 188 11 19
637 188 11 19
637 187 11 19
637 187 11 19
636 187 11 19
636 187 11 19
636 187 11 19
636 187 12 20
635 188 11 19
635 186 12 20
633 186 12 20
633 186 12 20
632 186 12 20
632 186 12 20
630 186 12 20
630 186 11 19
630 187 11 19
629 186 12 20
627 186 12 20
627 186 12 20
627 186 11 19
625 186 11 19
625 186 11 19
624 186 12 20
622 186 12 20
621 186 13 22
620 186 12 20
621 187 11 19
620 186 12 20
620 187 12 20
619 188 11 19
619 187 12 20
619 188 11 19
618 188 11 19
618 188 12 20
617 188 12 20
617 189 11 19
617 189 11 19
617 189 11 19
617 189 11 19
617 189 12 20
617 189 12 20
618 190 12 20
618 190 12 20
617 190 12 20
617 190 12 20
618 191 11 19
618 190 12 20
618 190 12 20
618 190 12 20
618 190 12 20
619 190 12 20
619 190 12 20
620 191 11 19
620 191 11 19
620 190 12 20
620 190 12 20
620 190 12 20
621 190 12 20
621 190 12 20
621 191 11 19
621 191 11 19
621 190 11 19
622 191 11 19
622 190 12 20
622 190 12 20
623 191 11 19
623 190 11 19
623 190 12 20
623 190 12 20
623 190 12 20
624 190 12 20
623 190 12 20
623 190 12 20
624 190 12 20
624 189 12 20
625 189 12 20
624 189 12 20
624 189 12 20
625 189 12 20
625 189 12 20
625 189 12 20
626 189 12 20
626 189 12 20
626 189 12 20
626 189 12 20
626 189 12 20
627 189 11 19
626 189 12 20
627 189 11 19
627 190 11 19
627 189 12 20
628 189 11 19
628 190 11 19
628 189 12 20
628 188 13 22
628 188 13 22
628 188 12 20
629 189 11 19
629 188 12 20
629 188 12 20
629 189 11 19
630 189 11 19
629 188 12 20
630 187 12 20
630 188 11 19
631 188 11 19
631 187 12 20
631 188 11 19
632 187 11 19
632 187 12 20
632 187 12 20
632 186 12 20
632 186 12 20
633 186 12 20
633 186 12 20
632 186 12 20
632 185 12 20
633 185 12 20
632 185 12 20
632 185 12 20
633 185 11 19
633 185 11 19
632 185 11 19
632 185 11 19
632 185 11 19
632 183 12 20
632 184 11 19
632 184 11 19
631 184 12 20
630 184 11 19
629 184 11 19
629 183 12 20
629 183 11 19
628 184 11 19
627 184 11 19
627 183 11 19
626 184 11 19
626 182 12 20
624 183 12 20
624 183 12 20
623 183 11 19
622 184 12 20
621 184 11 19
620 184 11 19
620 184 12 20
620 184 12 20
620 184 11 19
619 184 12 20
618 184 12 20
618 184 12 20
618 184 12 20
618 184 12 20
618 184 12 20
617 184 12 20
617 184 12 20
617 184 11 19
617 185 11 19
618 185 11 19
618 184 12 20
618 184 12 20
618 184 12 20
618 185 11 19
619 185 11 19
619 185 12 20
619 185 12 20
619 185 13 22
620 185 12 20
620 185 12 20
620 186 12 20
620 186 12 20
620 186 12 20
621 187 11 19
621 187 11 19
621 186 12 20
621 186 12 20
622 187 12 20
622 187 12 20
622 187 12 20
622 188 11 19
623 188 11 19
623 188 11 19
623 188 12 20
623 188 12 20
623 188 12 20
623 188 12 20
623 188 12 20
623 188 13 22
623 188 13 22
624 188 13 22
624 188 12 20
624 188 12 20
624 188 12 20
625 188 12 20
625 188 12 20
625 188 12 20
625 188 12 20
625 188 12 20
625 188 12 20
625 188 13 22
626 188 13 22
626 188 13 22
627 187 13 22
627 187 13 22
627 188 12 20
627 188 12 20
627 188 12 20
628 187 12 20
628 187 12 20
629 188 11 19
629 187 11 19
629 187 11 19
630 187 11 19
630 186 12 20
630 185 12 20
631 185 12 20
631 184 12 20
633 184 12 20
632 184 12 20
633 184 11 19
633 183 12 20
634 184 11 19
634 183 12 20
634 183 12 20
634 183 11 19
635 183 11 19
635 182 12 20
635 182 11 19
636 182 11 19
635 182 12 20
636 181 12 20
637 181 11 19
637 181 12 20
638 181 12 20
637 181 12 20
638 181 11 19
638 181 11 19
638 181 11 19
638 181 11 19
638 180 11 19
638 180 11 19
638 180 11 19
638 180 11 19
637 180 11 19
637 180 11 19
637 180 11 19
637 179 12 20
637 179 12 20
637 179 12 20
637 179 12 20
637 178 12 20
636 178 12 20
636 178 12 20
636 177 13 22
635 178 12 20
636 178 11 19
636 178 11 19
636 177 11 19
636 177 11 19
635 177 11 19
635 176 11 19
634 176 11 19
633 176 11 19
633 175 12 20
633 175 11 19
633 174 11 19
633 174 11 19
633 174 11 19
634 173 11 19
634 173 11 19
634 172 11 19
634 172 11 19
634 172 11 19
634 172 11 19
634 171 11 19
634 171 12 20
633 170 12 20
633 169 12 20
633 170 11 19
633 168 12 20
632 168 12 20
632 168 12 20
632 168 12 20
632 168 11 19
632 167 12 20
631 166 13 22
631 166 12 20
631 166 13 22
630 165 13 22
629 164 13 22
628 164 13 22
629 165 12 20
628 165 12 20
628 164 12 20
628 164 12 20
628 164 12 20
627 164 12 20
626 164 12 20
626 164 12 20
625 164 12 20
624 164 12 20
624 164 12 20
623 165 11 19
622 164 11 19
621 165 11 19
620 165 11 19
620 165 11 19
619 164 12 20
618 165 11 19
617 165 11 19
616 165 11 19
616 165 12 20
615 165 12 20
614 165 13 22
614 165 12 20
615 166 12 20
614 166 13 22
615 166 12 20
614 167 12 20
614 168 12 20
614 167 13 22
614 170 12 20
615 170 11 19
615 171 12 20
615 171 12 20
615 172 12 20
615 172 12 20
615 172 12 20
615 173 11 19
615 173 11 19
615 173 12 20
615 173 12 20
616 174 11 19
616 173 12 20
617 174 11 19
617 173 12 20
618 173 12 20
619 173 11 19
621 174 11 19
621 174 11 19
621 173 12 20
621 173 12 20
622 174 11 19
622 173 12 20
623 173 12 20
623 173 12 20
624 173 12 20
625 174 11 19
626 174 12 20
625 174 12 20
625 174 12 20
625 174 12 20
626 175 11 19
626 174 12 20
626 174 13 22
627 174 13 22
627 174 12 20
628 175 12 20
628 175 12 20
628 175 12 20
628 175 13 22
630 175 12 20
630 175 12 20
630 175 12 20
630 176 12 20
631 175 13 22
631 176 13 22
632 176 12 20
631 178 13 22
632 178 13 22
632 178 13 22
633 178 12 20
633 179 12 20
634 179 12 20
635 179 12 20
636 179 12 20
636 178 13 22
637 179 12 20
637 178 12 20
638 179 11 19
638 178 12 20
639 179 11 19
641 179 11 19
641 179 12 20
641 178 12 20
643 178 12 20
644 178 12 20
646 178 11 19
647 177 12 20
648 178 11 19
649 178 11 19
650 178 11 19
652 178 11 19
653 178 12 20
653 179 11 19
655 178 11 19
657 178 11 19
657 178 12 20
658 178 12 20
660 178 12 20
661 178 12 20
662 178 12 20
663 178 12 20
665 178 12 20
665 178 13 22
667 179 12 20
668 179 12 20
669 179 13 22
671 179 12 20
673 180 12 20
674 179 13 22
676 180 13 22
678 181 12 20
680 182 12 20
681 182 12 20
683 183 12 20
684 183 12 20
684 182 13 22
684 183 13 22
684 183 13 22
683 183 13 22
683 183 12 20
682 183 12 20
682 183 13 22
681 183 13 22
680 182 13 22
681 183 12 20
681 183 11 19
680 182 11 19
680 181 12 20
679 181 12 20
679 181 12 20
679 180 12 20
678 179 13 22
678 179 12 20
678 178 13 22
678 178 12 20
677 177 13 22
677 177 13 22
677 176 13 22
677 175 13 22
677 176 12 20
676 173 13 22
676 173 13 22
676 174 12 20
676 173 12 20
676 172 13 22
676 172 12 20
675 170 12 20
675 170 12 20
675 170 12 20
675 169 13 22
676 168 13 22
675 168 13 22
676 168 13 22
676 168 13 22
676 167 13 22
676 166 13 22
677 166 12 20
677 166 12 20
677 166 12 20
678 166 12 20
677 166 13 22
677 166 13 22
678 165 13 22
678 165 13 22
678 165 13 22
678 166 13 22
679 166 13 22
680 167 12 20
680 167 12 20
680 167 13 22
680 167 13 22
681 167 13 22
681 168 13 22
681 168 13 22
681 169 13 22
682 169 13 22
682 169 13 22
682 170 13 22
683 171 13 22
682 171 13 22
682 171 13 22
683 174 12 20
684 174 12 20
683 173 13 22
684 176 12 20
684 176 12 20
684 176 13 22
684 177 13 22
685 178 13 22
685 179 13 22
685 179 13 22
685 180 13 22
686 181 12 20
686 181 12 20
686 182 12 20
686 182 13 22
686 183 12 20
686 183 12 20
686 184 12 20
685 184 13 22
685 185 12 20
684 184 13 22
683 185 13 22
682 185 12 20
682 186 12 20
682 187 11 19
681 186 12 20
679 186 12 20
678 186 13 22
678 186 12 20
677 186 12 20
677 187 12 20
675 186 13 22
674 186 13 23
674 187 13 22
673 187 13 22
672 187 13 22
671 187 13 22
670 187 13 22
669 187 13 22
667 187 13 22
667 187 13 22
666 187 13 22
665 187 13 22
665 187 13 22
664 187 13 22
664 188 12 20
662 188 11 19
662 188 12 20
661 188 12 20
660 188 12 20
660 187 13 22
659 187 13 22
658 188 13 22
658 188 13 22
658 188 13 22
658 188 13 22
657 189 13 22
657 188 13 22
656 188 13 22
656 188 13 22
656 188 13 22
656 188 13 22
656 189 13 22
656 189 13 22
656 189 13 22
656 189 13 22
656 189 13 22
656 190 13 22
656 190 13 22
656 190 13 22
656 190 13 22
656 190 13 22
656 190 13 23
657 190 13 22
658 191 13 22
658 191 13 22
657 191 13 23
657 191 13 22
657 192 13 22
657 192 13 22
658 192 13 22
658 192 13 23
658 192 13 22
658 193 13 22
658 193 13 22
658 193 13 22
658 194 13 22
658 194 13 22
658 194 13 22
658 194 13 22
658 193 13 22
658 194 13 22
658 195 13 22
658 194 13 22
658 194 13 22
658 194 13 22
658 194 13 22
657 194 13 22
657 194 13 22
657 195 13 22
656 195 13 22
656 195 13 22
656 195 13 22
656 195 13 22
655 195 13 22
655 195 13 22
655 195 13 22
654 195 13 22
653 195 12 20
653 195 12 20
653 195 11 19
653 196 11 19
652 196 11 19
651 196 11 19
651 196 11 19
651 196 11 19
650 196 11 19
649 196 12 20
649 196 11 19
649 196 12 20
648 195 13 22
647 195 13 23
647 195 13 22
646 196 13 22
646 197 13 22
646 196 13 22
645 197 13 22
644 196 13 23
644 197 13 23
644 197 13 23
643 197 13 23
643 197 13 23
642 198 13 23
642 199 13 22
642 199 13 23
642 200 13 22
641 199 13 23
641 200 13 23
641 200 13 23
640 201 13 23
641 202 13 22
640 202 13 23
640 203 13 22
639 203 13 23
638 203 13 23
638 204 13 23
638 205 13 22
636 204 13 23
636 204 13 23
635 205 13 23
634 205 13 22
633 206 13 22
632 206 13 22
631 206 13 23
630 206 13 23
628 206 13 23
627 206 13 22
626 206 13 23
625 204 13 23
624 202 13 23
621 199 13 23
619 195 13 23
616 192 13 23
614 188 13 23
610 185 13 23
606 179 14 24
604 176 13 23
